5.28 4.47 5.35 4.44 12
6.91 5.7 6.75 5.46 9
9.23 8.72 8.86 8.12 4
5.2 5.08 4.89 5.04 0
6.26 5.95 5.08 4.56 12
7.54 6.17 6.88 5.64 12
8.97 8.33 8.54 7.95 11
8.26 8.55 8.98 9.29 8
9.19 7.81 9.33 7.93 3
7.77 6.27 6.85 5.43 9
9.06 8.05 7.57 6.59 9
5.38 4.23 6.5 5.35 9
7.58 6.44 6.9 5.63 19
10.62 9.65 11.87 10.81 19
8.41 7.94 7.37 6.92 19
6.74 6.25 5.57 4.88 17
6.72 7.13 5.34 5.87 17
6.82 5.32 5.55 4.07 1
10.05 8.68 11.47 10.12 13
7.3 6.76 6.79 6.08 17
5.41 5.63 6.04 6.58 3
7.06 6.9 7.35 6.88 4
5.83 6.49 6.69 7.57 11
4.27 4.54 4.85 4.63 5
4.27 4.85 4.54 4.63 5
8.82 9.21 8.88 9.11 19
7.19 7.23 7.1 7.12 11
5.84 6.79 6.19 6.88 9
5.01 4.16 4.87 3.71 8
5.47 5.61 6.18 6.63 15
5.51 6.01 5.69 5.81 9
6.11 7.25 5.69 6.75 16
5.11 5.54 5.0 5.12 15
4.92 4.36 4.59 4.22 16
6.19 5.79 4.97 4.38 0
6.77 5.5 8.25 6.97 3
7.03 6.52 7.83 7.45 17
4.95 6.09 6.35 7.38 17
5.73 5.17 7.07 6.41 17
5.01 3.77 4.08 3.11 17
8.6 7.69 7.48 6.73 16
5.65 4.41 6.72 5.33 12
7.01 5.88 8.45 7.38 2
8.99 7.84 10.27 9.14 14
7.07 5.58 6.65 5.14 12
7.11 5.72 6.18 4.7 15
7.01 7.03 6.21 5.96 17
5.35 5.73 4.99 5.77 9
4.02 4.4 3.46 3.36 0
5.66 5.99 5.8 5.74 16
5.4 5.47 6.15 6.54 17
7.53 7.25 6.02 5.82 0
6.4 6.7 5.06 5.45 11
4.33 4.48 3.4 3.53 17
7.93 7.69 7.56 7.11 16
6.95 5.55 6.59 5.39 12
4.38 4.2 4.41 4.74 0
8.57 7.73 7.55 6.62 2
9.78 8.34 8.37 6.9 9
9.17 7.65 8.41 6.89 9
4.97 5.71 5.05 5.39 10
6.03 5.96 6.67 6.89 9
5.79 6.47 4.77 5.58 0
4.04 5.48 2.57 4.05 14
4.18 5.69 3.23 4.64 11
4.53 4.37 4.8 5.08 0
6.19 5.71 5.25 5.11 11
7.37 8.89 5.96 7.5 17
5.48 5.97 6.55 6.83 17
4.8 4.44 5.34 4.56 0
5.22 5.53 6.27 6.83 16
9.15 9.08 9.14 8.86 13
6.39 6.56 6.11 6.52 13
9.2 8.39 10.53 9.64 14
9.08 8.49 8.97 8.2 18
6.25 4.9 6.12 5.02 16
7.23 6.76 8.19 7.52 16
7.1 7.08 8.37 8.24 16
7.42 6.23 6.52 5.18 16
6.23 5.72 7.74 7.18 2
9.42 8.1 10.17 8.8 8
5.66 6.36 6.28 7.24 3
5.22 5.29 5.4 5.02 17
5.63 4.97 5.15 4.13 7
5.16 6.02 5.59 6.69 8
4.43 4.97 5.02 5.16 18
5.86 5.23 6.25 5.33 12
4.49 5.33 5.54 6.22 12
5.95 5.5 7.06 6.82 1
6.27 5.35 6.05 4.92 1
7.21 6.17 7.55 6.58 4
5.62 5.79 6.42 6.53 1
11.91 11.01 11.93 11.2 19
7.45 7.29 7.7 7.3 6
5.37 5.26 3.86 3.84 16
4.67 6.1 3.64 5.15 5
4.67 3.64 6.1 5.15 5
4.65 6.08 4.32 5.67 13
4.23 5.28 4.88 6.16 12
5.29 5.09 5.48 5.59 11
5.73 5.23 5.08 4.48 0
7.06 5.56 7.07 5.62 17
10.85 9.55 10.34 9.12 19
5.31 4.02 4.07 2.69 11
8.12 7.22 6.64 5.82 14
8.24 6.92 7.35 6.16 13
8.27 7.02 7.06 5.71 1
5.37 4.39 4.95 3.79 2
5.1 3.6 3.72 2.3 0
7.83 8.71 6.74 7.56 12
6.69 5.69 6.31 5.54 17
6.77 6.02 6.7 6.26 11
8.2 6.78 8.14 6.84 13
6.94 6.4 5.71 5.0 14
4.82 5.41 6.12 6.67 17
8.12 6.9 7.41 6.38 17
5.6 5.96 6.32 6.82 17
5.81 6.2 5.56 5.79 17
4.58 4.37 3.81 3.18 0
5.39 6.11 5.18 6.17 1
5.36 5.03 5.97 5.74 17
7.37 6.38 6.61 5.71 11
3.85 4.89 2.76 3.81 5
3.85 2.76 4.89 3.81 5
5.27 6.72 3.87 5.35 9
5.88 5.09 5.12 4.46 11
4.81 6.04 5.69 7.02 2
4.1 5.15 4.04 4.72 12
7.93 7.12 6.63 5.71 19
5.2 4.15 4.78 3.43 14
4.58 4.02 3.15 2.51 16
6.86 7.08 5.67 5.85 13
4.51 4.24 3.66 3.72 14
4.44 5.79 2.99 4.42 10
5.15 4.7 4.34 4.16 8
5.95 6.33 7.44 7.83 0
10.98 9.46 11.19 9.71 8
8.17 7.21 9.45 8.39 4
7.51 6.22 8.32 7.1 15
4.68 3.75 4.68 3.66 11
5.91 6.73 6.19 7.28 7
7.76 6.88 6.26 5.43 13
7.02 6.24 6.18 5.16 9
4.81 5.38 4.86 4.97 19
11.34 10.07 10.26 8.94 4
8.2 6.72 6.89 5.42 0
7.02 6.97 6.44 6.1 7
5.94 7.13 5.8 7.19 2
4.33 4.66 4.69 4.68 12
7.22 6.01 6.01 4.74 16
5.19 5.01 6.06 5.51 10
6.77 5.73 8.17 7.21 16
6.98 5.83 7.29 6.15 12
6.05 4.81 5.88 4.73 11
5.91 5.3 5.09 4.53 0
5.69 4.31 4.58 3.14 13
6.6 6.98 6.19 6.83 12
4.73 4.9 4.75 5.37 15
3.79 4.5 2.94 3.22 0
5.93 4.96 6.65 5.94 16
5.17 4.33 5.54 4.45 0
5.98 4.7 5.71 4.6 18
5.44 4.4 5.55 4.65 16
6.18 5.78 5.9 5.35 7
7.91 7.3 7.43 6.71 7
7.94 7.33 8.98 8.51 18
5.67 5.23 4.18 3.87 16
6.66 7.69 5.36 6.47 0
6.48 4.98 5.54 4.09 17
6.27 5.17 5.87 4.78 16
7.45 6.12 7.57 6.19 15
6.28 6.86 5.9 6.35 8
10.73 9.44 10.2 8.81 8
6.86 5.5 7.53 6.04 17
7.82 7.64 8.98 8.84 18
6.08 5.13 5.38 4.23 9
7.54 6.37 7.01 5.7 9
10.79 10.78 9.9 9.72 19
9.91 9.16 10.7 9.78 14
6.89 7.24 5.92 6.22 15
4.22 3.57 2.98 2.76 11
4.5 5.2 3.24 4.2 11
7.13 8.04 5.73 6.58 7
7.58 6.28 7.95 6.75 6
7.53 6.44 6.54 5.49 1
8.15 7.67 7.83 7.6 10
5.53 4.3 4.72 3.29 15
5.14 5.2 4.71 5.22 17
5.43 4.18 4.07 2.73 11
5.64 5.67 5.08 5.45 11
8.91 7.69 8.16 7.11 19
10.5 9.34 9.71 8.43 14
5.49 5.84 4.33 4.51 4
4.1 3.16 3.21 2.83 5
4.1 3.21 3.16 2.83 5
5.36 5.68 3.91 4.43 8
8.8 9.47 7.28 7.98 12
8.52 7.13 7.27 5.85 10
5.11 4.57 3.86 3.49 10
10.15 8.93 11.09 9.82 3
7.65 7.43 6.31 6.21 10
5.61 6.59 5.64 6.84 15
6.37 4.88 5.08 3.66 5
6.37 5.08 4.88 3.66 5
6.7 6.2 5.84 5.24 4
9.23 8.44 10.37 9.7 14
4.83 5.23 5.98 6.07 18
3.78 3.87 4.88 5.26 2
8.02 6.63 7.45 6.02 2
4.2 3.6 3.43 2.9 13
4.05 4.47 3.66 4.57 0
7.19 7.26 5.92 6.21 18
5.46 5.71 6.37 6.36 9
4.55 4.93 5.17 5.79 15
10.29 9.26 11.32 10.24 6
9.67 9.1 9.51 8.86 4
5.09 3.59 3.77 2.25 5
5.09 3.77 3.59 2.25 5
7.13 7.24 5.86 6.18 4
6.65 7.53 5.63 6.59 0
9.65 8.59 8.87 7.76 10
8.2 7.89 8.91 8.68 6
5.81 6.46 6.87 7.71 0
4.99 5.02 5.78 5.41 17
11.75 10.68 10.57 9.61 19
5.95 5.8 4.95 4.63 4
8.37 7.33 9.53 8.43 13
5.79 6.43 5.41 6.35 4
11.8 11.16 10.79 10.15 4
6.41 5.92 5.64 5.24 16
9.31 7.87 8.75 7.32 2
5.75 4.38 4.86 3.4 11
5.65 4.13 4.79 3.3 4
9.2 7.87 8.11 6.73 8
9.17 8.16 8.43 7.47 6
5.94 6.71 6.41 7.38 0
4.29 4.07 5.28 4.74 15
8.75 8.43 7.25 6.98 18
6.16 5.6 5.67 4.84 4
6.11 6.6 5.9 6.72 0
5.78 5.7 5.04 4.62 9
5.12 4.64 6.42 6.08 7
5.84 5.52 5.91 5.83 9
5.28 6.07 4.35 4.95 3
4.86 3.93 4.65 3.36 0
5.04 5.43 4.07 4.18 12
6.38 7.06 5.7 6.13 5
6.38 5.7 7.06 6.13 5
9.67 9.75 10.78 10.99 14
6.62 5.33 6.55 5.25 12
7.59 6.99 9.06 8.5 3
11.66 10.34 11.82 10.57 14
5.64 6.25 5.53 6.32 0
4.96 4.82 3.9 3.52 16
6.16 7.6 5.01 6.36 2
4.45 4.58 3.68 4.31 12
6.56 7.08 5.08 5.73 8
4.67 3.66 4.98 4.25 12
5.83 6.46 6.23 7.13 9
9.15 9.57 8.82 9.02 8
5.74 4.64 5.29 3.94 8
6.83 6.29 7.79 7.33 7
4.96 5.56 5.89 6.15 7
7.22 6.59 6.97 6.32 16
8.25 8.04 7.31 6.9 10
6.84 5.39 7.69 6.22 8
5.29 5.8 5.0 5.68 4
4.91 6.27 3.67 5.02 11
6.23 5.01 5.92 4.61 2
8.1 6.94 7.51 6.24 15
8.12 7.14 6.88 5.8 3
6.86 5.7 8.0 6.73 6
5.55 5.54 6.51 6.76 8
4.11 4.97 4.19 5.06 7
5.91 7.16 4.93 6.23 15
10.91 9.56 9.89 8.6 14
10.51 10.4 9.94 10.0 18
10.31 9.97 9.3 9.02 6
4.72 4.94 5.25 5.43 15
5.67 5.2 5.07 4.71 1
5.72 6.84 4.34 5.55 19
3.8 2.68 2.62 1.72 5
3.8 2.62 2.68 1.72 5
6.55 7.93 5.95 7.17 11
6.68 6.61 5.47 5.54 16
11.75 10.6 12.1 10.91 19
8.69 7.5 7.31 6.05 3
4.96 3.67 4.09 3.11 14
5.18 6.7 3.72 5.23 9
5.08 6.26 3.97 5.27 12
4.48 3.66 3.91 3.43 0
5.31 4.07 4.8 3.92 0
7.64 6.64 8.93 7.85 14
7.55 6.12 8.92 7.46 3
7.27 6.79 6.69 6.42 9
9.75 8.25 9.26 7.78 8
8.95 7.78 7.56 6.48 2
6.92 7.72 5.41 6.29 2
4.48 3.97 3.53 2.83 9
3.84 4.7 3.39 4.09 8
7.53 6.12 7.54 6.21 2
6.09 4.86 5.72 4.29 14
6.78 6.29 7.26 6.98 11
9.99 8.62 10.01 8.63 13
8.29 6.83 7.18 5.75 14
6.65 5.25 7.75 6.38 11
9.18 8.36 10.38 9.66 4
7.05 5.69 5.88 4.64 11
7.38 5.94 7.94 6.43 11
7.39 8.54 6.01 7.09 18
5.56 6.16 6.0 6.87 4
5.13 5.14 5.09 4.65 18
5.43 6.21 5.69 6.77 14
4.15 4.93 4.27 4.61 16
9.85 9.26 9.0 8.24 18
5.63 5.23 4.74 4.08 14
5.2 5.92 4.87 5.94 16
4.44 4.68 4.19 4.04 13
5.87 5.14 7.25 6.41 8
6.3 5.82 7.81 7.25 16
6.87 6.3 8.14 7.39 3
4.26 4.99 3.27 4.03 17
5.81 7.22 4.36 5.73 15
6.56 6.29 5.73 5.77 8
6.22 5.27 5.69 5.03 4
6.25 5.28 7.27 6.29 17
8.49 7.85 7.38 6.58 4
4.66 3.91 3.84 2.93 6
5.32 6.43 4.86 6.2 2
7.14 7.03 6.29 6.08 9
9.27 8.62 10.35 9.81 19
8.33 7.87 9.26 8.81 18
6.05 4.9 7.17 6.04 12
9.37 8.52 9.08 8.18 14
7.16 5.79 7.27 5.79 19
8.4 7.41 7.1 6.25 19
8.86 7.45 9.38 8.08 2
5.79 5.89 7.11 7.0 19
9.4 8.77 9.18 8.38 19
5.9 6.54 6.99 7.47 15
7.13 5.75 8.61 7.25 3
4.89 3.89 6.35 5.33 3
7.7 6.59 9.07 8.0 17
5.18 5.44 4.69 4.7 8
4.58 4.86 5.23 5.75 4
4.63 5.74 5.12 5.9 19
5.06 5.25 5.82 6.33 9
6.17 5.93 6.58 6.11 18
8.01 7.72 7.91 7.35 19
4.82 5.41 5.82 6.19 12
6.36 6.13 7.81 7.64 4
7.51 7.83 7.39 7.44 8
4.63 4.39 3.86 3.61 4
6.38 7.61 5.03 6.18 2
9.13 7.76 7.71 6.4 17
6.8 6.3 5.72 5.21 4
7.05 5.92 8.23 7.22 2
12.18 11.19 13.32 12.42 14
9.69 8.97 9.61 9.11 14
5.79 5.44 7.21 6.72 7
5.05 4.81 6.52 6.17 17
5.22 4.82 3.9 3.45 8
4.95 5.72 4.64 5.59 9
5.75 6.19 7.06 7.57 16
6.47 5.01 5.42 4.1 4
8.53 7.17 7.69 6.46 4
5.25 5.3 6.55 6.35 4
5.18 4.47 6.11 5.57 11
5.45 6.6 6.43 7.7 4
5.64 5.44 6.24 5.97 15
6.78 7.13 5.96 6.05 3
6.34 7.43 5.12 6.29 3
4.17 4.24 4.61 4.16 3
4.71 4.74 4.04 4.55 19
4.69 3.64 4.38 3.54 19
6.63 6.76 5.96 6.01 4
5.39 5.37 6.45 6.66 7
4.69 5.38 5.29 5.59 13
5.59 5.94 4.57 5.24 8
9.02 7.51 7.63 6.15 16
4.44 4.47 3.12 3.0 16
4.39 4.69 4.94 4.92 14
5.58 5.35 6.32 6.4 0
5.27 5.07 5.64 5.06 9
6.52 5.06 8.03 6.56 17
4.83 4.25 5.69 4.97 11
4.98 6.43 5.21 6.49 11
4.12 4.78 3.22 3.83 4
5.69 5.66 7.14 7.11 9
5.31 4.33 6.15 5.3 9
5.96 6.69 7.2 7.74 9
9.28 8.49 8.65 8.08 6
4.19 4.22 2.83 3.22 19
6.56 7.08 5.58 6.12 17
8.68 8.35 7.47 7.11 9
5.1 4.23 5.2 4.27 15
5.99 4.78 7.29 6.19 2
7.68 6.66 7.62 6.55 12
4.7 3.93 5.48 4.74 0
5.06 5.23 5.36 5.09 2
6.07 4.67 6.42 4.91 2
7.53 6.28 6.29 5.19 19
6.29 4.87 5.42 4.19 11
7.93 7.05 7.49 6.48 12
6.97 6.61 6.13 5.64 8
6.12 5.42 6.15 5.74 4
6.09 5.28 6.13 5.35 11
5.92 4.53 4.82 3.63 17
6.23 4.72 5.92 4.41 19
4.64 3.64 3.76 2.47 13
6.91 6.32 5.93 5.36 3
8.05 6.61 7.14 5.81 0
7.21 5.96 6.07 4.99 4
7.44 6.69 6.34 5.82 0
8.02 8.2 7.11 7.5 11
5.96 6.64 7.04 7.91 13
5.26 5.24 5.95 5.55 17
5.98 5.92 6.74 6.41 11
4.91 3.94 5.47 4.52 4
7.4 6.03 6.99 5.76 9
4.12 3.84 3.5 2.73 11
5.8 5.78 5.47 5.72 4
7.67 6.93 7.0 6.5 4
5.73 6.29 4.82 5.46 14
9.47 7.96 8.79 7.3 2
4.23 5.35 2.8 3.84 2
5.09 5.33 4.6 5.17 9
6.5 5.76 6.16 5.62 14
6.05 5.22 5.3 4.81 19
5.32 6.84 3.88 5.37 17
5.39 5.27 4.12 4.17 11
6.8 8.05 5.94 7.06 0
5.39 4.18 5.09 4.25 19
4.54 4.04 3.07 2.69 9
5.95 6.93 5.13 6.2 15
7.81 6.97 6.82 5.81 17
7.0 6.51 7.64 7.02 7
4.91 5.78 6.35 7.09 2
5.83 5.31 7.25 6.57 12
8.48 7.51 7.62 6.7 15
6.12 4.59 4.66 3.13 4
4.83 5.01 3.75 4.32 4
7.74 8.07 8.37 8.88 4
6.86 8.31 5.64 7.12 10
5.41 4.44 4.04 3.15 11
6.33 6.15 6.21 5.97 11
4.95 4.88 4.08 4.16 15
3.99 4.18 4.58 5.19 15
5.61 4.15 4.91 3.42 3
5.91 5.28 4.9 4.57 17
10.14 9.07 8.72 7.6 14
9.67 9.02 8.63 7.83 2
7.97 8.14 7.24 7.39 19
6.48 5.55 5.5 4.53 15
7.18 7.18 7.92 8.17 6
8.05 6.62 8.49 7.19 16
7.49 7.23 8.89 8.53 6
5.83 4.53 7.18 5.93 16
6.83 6.94 7.03 7.06 9
5.84 4.42 5.01 3.71 6
6.57 5.48 5.09 4.11 16
6.74 5.72 5.36 4.52 7
8.88 7.6 8.68 7.56 11
8.09 7.02 9.47 8.48 17
5.49 4.67 4.03 3.17 4
7.84 6.63 6.97 5.75 9
10.12 8.87 9.58 8.25 9
10.31 10.18 11.77 11.68 18
7.45 6.39 8.78 7.65 14
9.34 8.34 10.52 9.4 11
5.01 3.8 5.59 4.28 19
5.94 5.5 7.22 6.93 14
8.66 8.19 8.77 8.47 4
9.46 8.26 9.21 7.93 18
3.9 4.2 3.62 4.04 2
6.74 8.14 5.67 7.14 0
5.18 4.0 4.45 3.64 10
5.55 5.49 4.12 3.97 14
9.07 7.94 8.1 7.02 11
10.05 9.82 10.59 10.39 14
7.48 6.57 8.98 8.08 2
10.84 10.83 10.9 10.69 18
7.48 7.41 8.0 7.99 19
5.47 5.26 5.56 5.51 12
4.57 5.97 3.69 4.9 15
3.32 4.41 1.84 3.02 12
5.39 5.55 4.57 5.13 7
6.65 5.37 6.77 5.39 7
5.9 4.79 4.8 3.98 17
6.87 5.79 5.45 4.46 17
8.69 7.99 9.46 8.58 4
5.06 4.94 5.13 5.43 8
4.6 5.96 4.65 6.1 9
5.02 4.71 4.12 3.74 17
7.04 7.18 5.64 5.85 0
7.22 5.78 6.04 4.64 9
8.08 7.94 6.8 6.62 17
7.81 6.66 6.99 6.05 18
7.1 5.67 7.88 6.49 5
7.1 7.88 5.67 6.49 5
4.61 3.94 3.63 2.98 13
4.65 5.64 3.63 4.48 18
6.09 4.8 5.1 4.03 3
9.97 9.51 11.43 10.97 18
8.81 8.25 7.55 6.87 16
5.11 3.61 4.88 3.56 12
6.23 6.0 5.22 4.75 7
7.76 6.59 6.87 5.8 6
7.23 5.93 8.69 7.39 7
9.94 8.49 11.04 9.63 19
4.95 4.14 3.94 2.97 0
6.69 7.73 5.89 7.11 8
5.38 5.46 4.99 5.49 11
4.37 4.33 3.42 3.04 17
4.84 4.41 4.58 3.7 0
4.72 5.78 5.13 6.02 9
4.95 3.76 6.3 5.19 2
7.55 6.94 9.06 8.46 11
6.98 6.11 7.05 6.01 12
6.28 6.37 5.75 6.08 2
7.61 6.96 7.07 6.43 16
8.34 6.98 7.23 5.99 0
8.13 7.91 6.79 6.47 4
6.99 5.95 6.56 5.62 17
5.06 4.8 6.1 5.56 17
6.68 5.85 5.44 4.71 7
5.09 3.83 4.35 3.36 2
7.26 6.01 8.53 7.17 16
4.85 4.7 3.81 4.03 16
6.15 5.3 6.88 5.85 16
4.92 4.78 4.33 4.67 0
4.92 6.38 3.85 5.22 16
4.13 4.19 3.2 3.8 2
5.22 3.74 6.31 4.92 5
5.22 6.31 3.74 4.92 5
5.31 4.33 6.3 5.14 5
5.31 6.3 4.33 5.14 5
4.42 4.01 4.8 3.91 14
5.31 5.72 4.53 5.04 17
5.48 4.64 4.26 3.67 17
8.21 7.93 7.12 6.86 11
6.54 5.16 6.15 4.65 3
4.51 3.94 4.42 3.46 3
8.32 7.57 7.49 6.83 3
7.41 7.42 7.71 7.78 4
6.95 7.33 6.56 6.73 4
5.39 6.23 6.15 6.87 4
7.73 6.83 6.92 5.97 15
8.65 7.42 7.46 6.28 14
9.26 8.23 10.42 9.51 14
12.46 11.22 10.95 9.7 14
4.79 5.76 4.45 5.15 15
6.5 5.26 7.14 5.73 0
5.47 4.97 4.91 4.26 17
5.2 5.81 4.73 5.68 5
5.2 4.73 5.81 5.68 5
5.23 5.65 4.34 4.45 17
8.42 7.35 7.52 6.5 18
5.91 4.65 5.39 4.36 4
6.91 5.62 6.7 5.43 4
7.78 7.43 7.29 6.94 7
7.32 8.14 6.09 6.81 7
5.67 4.34 4.62 3.54 0
6.63 5.46 5.75 4.81 2
6.46 5.02 6.53 5.16 11
5.13 5.52 5.01 4.96 18
4.7 3.86 5.06 4.47 19
8.57 7.16 7.62 6.14 11
7.53 6.23 6.94 5.59 6
10.64 10.27 9.34 8.87 6
5.88 5.12 5.55 4.49 19
5.43 4.98 6.09 5.85 5
5.43 6.09 4.98 5.85 5
5.53 4.75 4.34 3.81 15
5.35 4.64 3.87 3.3 15
4.26 5.61 4.71 6.19 16
7.34 7.62 6.12 6.47 16
5.02 6.44 4.64 5.87 7
4.34 4.61 3.61 4.38 7
4.41 3.03 5.93 4.53 5
4.41 5.93 3.03 4.53 5
5.82 6.37 7.07 7.49 17
4.82 5.08 5.43 5.37 0
4.91 6.15 5.48 6.86 8
5.75 5.03 4.76 4.1 17
7.14 6.22 5.68 4.86 17
5.75 6.25 7.09 7.45 8
7.82 7.66 6.34 6.29 15
7.6 6.66 6.25 5.47 15
5.09 3.89 3.82 2.61 17
5.33 4.46 4.95 4.51 0
6.16 5.14 5.42 4.54 17
6.19 6.49 4.77 5.0 17
5.67 5.21 4.95 4.85 17
6.27 5.25 5.01 3.92 17
4.66 5.31 3.67 4.35 9
6.09 5.85 5.95 6.07 11
7.1 6.8 5.99 5.79 17
8.49 8.26 7.08 6.89 11
7.21 6.71 6.25 5.86 0
6.49 6.08 5.12 4.66 5
6.49 5.12 6.08 4.66 5
6.56 5.76 5.82 4.8 19
5.56 6.52 5.42 6.64 15
6.01 6.46 5.89 6.52 12
6.91 6.6 5.92 5.39 0
5.61 5.25 6.82 6.64 19
5.61 6.03 6.2 6.31 15
4.8 5.3 6.18 6.74 19
5.89 5.79 7.24 6.95 15
6.15 5.34 7.17 6.58 12
5.31 4.11 6.04 4.62 0
6.61 6.38 5.71 5.78 0
7.72 6.23 6.34 4.83 19
7.3 6.08 6.76 5.41 0
5.45 4.44 5.48 4.21 11
5.65 4.3 7.16 5.77 16
6.33 5.42 6.49 5.39 11
5.46 5.69 4.24 4.26 11
6.34 6.0 5.59 5.59 0
7.47 7.08 6.39 5.93 1
7.72 7.62 6.93 6.6 14
5.81 4.89 5.67 4.62 15
6.3 6.64 5.88 6.46 11
6.49 7.25 5.36 5.99 19
6.53 5.59 6.08 4.88 9
4.54 4.98 4.51 4.56 19
5.73 5.13 7.02 6.34 16
6.65 5.2 8.02 6.54 0
4.55 3.99 3.4 2.65 15
6.73 5.28 8.05 6.65 15
5.39 6.36 5.26 6.36 16
7.3 5.98 6.76 5.39 15
9.97 9.5 8.96 8.55 4
7.58 6.51 8.47 7.28 4
6.4 5.58 7.2 6.24 8
4.49 3.81 5.35 4.29 5
4.49 5.35 3.81 4.29 5
4.17 4.42 5.67 5.89 15
7.64 8.12 9.11 9.53 12
4.65 4.88 4.01 4.05 16
5.61 6.1 5.9 6.36 15
5.26 6.48 4.56 5.84 5
5.26 4.56 6.48 5.84 5
5.58 6.9 4.25 5.47 16
4.85 4.15 4.91 4.54 10
4.24 4.1 3.87 3.29 0
8.63 7.52 8.95 7.93 6
5.51 5.92 6.17 6.23 17
6.98 6.25 6.41 5.43 17
6.04 5.14 4.82 3.9 17
4.23 5.45 3.66 4.7 16
5.62 5.37 5.98 6.04 3
8.47 7.72 9.66 8.86 3
5.22 4.45 6.04 5.1 3
8.32 6.83 7.45 5.94 15
6.88 7.45 6.1 6.75 11
6.61 5.62 6.59 5.91 12
9.99 9.03 10.02 8.94 19
6.25 5.84 7.49 7.2 2
5.22 3.88 5.58 4.21 0
5.04 4.51 6.22 5.87 16
5.94 4.55 5.45 4.31 16
5.54 5.76 5.88 5.93 6
7.62 7.28 6.46 6.02 6
5.92 5.74 6.58 6.69 19
4.88 5.75 4.74 5.56 0
6.56 7.05 6.56 6.81 18
7.93 7.59 6.81 6.52 15
11.7 10.34 13.11 11.71 14
11.6 10.78 10.55 9.7 4
9.82 8.98 8.93 7.93 10
7.0 5.88 5.49 4.38 5
7.0 5.49 5.88 4.38 5
7.5 8.02 6.32 6.99 7
8.48 7.24 7.5 6.33 1
8.89 7.65 8.29 7.22 4
8.8 8.02 7.29 6.54 4
8.46 7.08 8.49 7.02 11
6.69 6.06 5.45 4.93 11
10.7 10.55 10.25 9.91 19
6.97 5.88 8.33 7.26 2
7.25 6.36 8.18 7.4 13
8.59 8.39 8.08 7.82 19
8.79 7.93 8.49 7.76 10
7.09 6.24 6.45 5.35 9
4.35 4.68 4.38 4.2 15
5.64 4.94 4.95 4.28 16
6.85 5.96 6.05 5.45 8
5.82 6.62 7.07 7.86 0
5.19 4.18 6.71 5.66 5
5.19 6.71 4.18 5.66 5
6.19 6.77 5.76 6.48 14
4.94 4.64 3.68 3.3 1
6.16 7.35 4.96 6.27 7
7.6 6.92 7.88 6.94 13
7.26 7.21 7.94 7.62 11
6.01 6.85 5.59 6.37 3
5.16 4.22 4.32 3.51 14
5.09 4.55 5.07 4.99 11
7.25 6.78 8.19 7.58 15
6.17 4.86 5.88 4.52 7
7.79 6.65 8.11 7.17 11
6.84 5.54 7.13 6.0 1
6.95 5.91 6.95 5.95 0
7.13 6.18 5.87 4.91 3
9.36 9.18 7.89 7.68 2
7.34 7.03 7.95 7.89 13
6.66 6.43 7.45 6.98 7
8.76 7.99 8.57 7.57 13
5.51 5.04 5.48 5.38 14
6.31 5.51 5.37 4.4 4
7.14 6.62 6.6 6.09 9
6.26 5.57 7.78 7.06 19
10.14 9.55 10.53 10.11 19
7.94 6.76 7.55 6.41 4
5.68 6.31 6.09 6.93 16
4.87 4.64 4.46 3.82 19
6.31 6.22 5.93 5.59 9
5.61 5.79 5.8 6.35 2
4.34 4.69 3.82 3.71 7
6.74 6.77 6.53 6.22 4
5.59 6.19 6.04 6.94 7
4.6 5.3 5.05 5.35 14
5.68 7.2 5.36 6.82 9
5.28 4.17 5.06 4.14 0
7.76 7.03 7.19 6.28 13
4.71 5.66 5.63 6.61 14
5.53 5.27 6.85 6.49 13
6.72 7.17 8.24 8.67 19
8.88 8.43 9.81 9.15 19
6.76 5.55 6.32 4.99 16
5.31 4.42 4.41 3.53 13
5.31 6.52 4.45 5.52 9
4.11 5.49 4.08 5.59 12
5.66 7.16 5.06 6.53 0
5.24 6.0 3.89 4.52 3
5.29 5.81 4.13 4.91 14
8.11 8.19 8.66 8.94 4
12.21 11.25 12.02 11.0 19
5.74 4.83 4.23 3.33 9
7.62 6.49 6.72 5.73 7
6.68 7.02 5.79 6.05 19
6.27 5.66 5.23 4.89 6
5.52 4.69 4.04 3.2 19
9.04 8.18 8.78 8.15 19
8.51 7.99 8.0 7.73 14
6.76 5.46 5.42 4.23 13
7.76 6.34 7.23 5.84 9
7.56 6.53 8.48 7.63 17
6.67 6.13 5.86 5.15 13
5.23 4.92 4.48 4.14 15
4.63 4.16 3.4 3.25 15
5.21 4.65 3.76 3.44 17
8.44 7.09 7.53 6.32 9
4.76 5.39 5.6 5.9 19
6.27 6.13 7.63 7.6 12
10.49 10.16 9.21 8.77 14
3.49 4.28 3.87 4.21 0
5.14 5.32 6.36 6.72 17
7.93 8.56 6.51 7.17 9
8.07 6.81 7.24 5.88 16
7.27 6.57 8.76 8.08 7
6.09 4.86 6.83 5.6 11
7.29 6.62 6.47 5.91 1
7.12 8.08 5.83 6.67 11
9.84 8.63 9.84 8.75 4
8.89 7.62 8.16 6.76 7
8.75 7.9 8.19 7.14 15
6.65 6.22 5.59 5.46 13
4.59 4.61 4.4 4.28 13
8.5 7.08 7.19 5.72 4
8.85 7.93 8.41 7.38 4
4.96 3.96 5.3 4.62 11
8.8 8.68 7.97 8.01 11
4.96 4.95 4.38 3.94 6
8.36 6.85 8.21 6.77 10
8.68 7.57 7.16 6.09 3
9.64 8.63 8.53 7.57 19
4.7 4.31 3.52 2.9 3
5.55 4.66 4.98 4.47 5
5.55 4.98 4.66 4.47 5
6.93 6.54 5.98 5.61 6
6.15 6.3 5.09 5.11 7
7.67 6.34 7.37 5.94 18
7.13 7.79 5.76 6.56 3
4.84 5.88 3.86 5.11 9
8.0 7.05 8.89 7.87 6
6.94 5.86 8.35 7.17 2
9.05 7.95 9.53 8.29 19
8.5 7.23 8.08 6.96 14
9.8 9.24 10.55 10.12 19
8.01 7.16 7.58 6.5 9
6.51 4.99 5.13 3.62 11
7.78 6.37 6.61 5.28 0
7.96 6.69 7.1 5.98 0
8.8 7.98 10.24 9.36 6
9.79 9.22 11.23 10.72 6
9.12 7.65 8.55 7.03 10
6.42 5.31 4.95 3.94 8
7.26 6.94 8.58 8.13 14
5.81 6.53 7.19 7.98 9
4.56 4.29 5.39 4.78 7
4.82 4.47 4.21 3.45 11
5.96 6.06 7.33 7.31 5
5.96 7.33 6.06 7.31 5
5.17 6.12 6.15 6.85 0
10.48 9.31 11.29 10.01 14
5.38 3.87 4.34 2.95 0
4.88 4.56 4.32 4.4 15
4.88 4.31 3.46 3.02 9
3.84 3.83 5.36 5.22 0
5.25 4.49 6.54 5.65 8
5.74 4.88 4.36 3.7 7
6.55 7.13 5.09 5.74 8
4.58 3.76 3.75 3.33 2
6.42 7.71 5.73 6.83 16
7.85 8.13 7.84 8.26 13
10.28 9.52 9.08 8.25 8
5.87 5.55 4.9 4.43 7
4.83 6.14 4.79 6.11 15
4.89 6.28 5.52 6.74 0
5.24 5.97 6.17 7.12 8
5.36 5.04 5.09 4.4 11
6.86 6.43 5.79 5.64 0
6.89 8.34 5.43 6.86 17
6.22 5.37 5.13 4.49 0
7.38 7.16 6.64 6.56 17
5.74 6.91 4.73 5.78 16
3.71 4.48 2.63 3.77 8
6.61 7.97 5.14 6.51 15
6.32 4.95 6.39 5.14 5
6.32 6.39 4.95 5.14 5
6.03 5.33 6.38 5.96 5
6.03 6.38 5.33 5.96 5
4.42 4.4 3.14 2.89 2
6.91 7.8 5.91 6.62 14
6.02 5.92 6.69 6.88 15
5.13 5.12 5.57 5.13 5
5.13 5.57 5.12 5.13 5
9.21 7.83 10.24 8.91 14
3.91 5.2 4.16 5.61 19
6.01 7.4 5.36 6.84 13
7.29 8.68 5.97 7.43 2
6.03 4.92 4.8 3.79 16
5.63 6.22 4.49 5.12 19
4.95 5.44 3.55 4.29 17
5.09 4.8 3.93 3.64 17
5.18 5.54 4.08 4.48 15
4.04 5.47 3.53 5.06 15
6.38 6.18 7.72 7.53 2
4.71 4.71 5.88 5.55 5
4.71 5.88 4.71 5.55 5
5.35 5.18 6.81 6.5 5
5.35 6.81 5.18 6.5 5
5.84 5.57 7.07 6.66 16
6.24 7.5 5.76 7.18 14
9.18 7.71 8.69 7.29 14
7.51 7.04 6.45 5.78 15
5.62 6.79 6.61 7.64 15
5.57 4.72 7.01 6.21 14
10.89 9.88 11.21 10.28 19
4.73 5.1 3.27 3.82 16
4.28 4.85 3.76 4.62 17
8.45 8.11 7.45 6.93 4
5.04 6.15 6.37 7.36 12
5.08 4.55 6.5 5.92 15
8.53 7.83 8.82 8.22 9
7.73 6.47 9.18 7.87 18
9.07 7.65 10.51 9.11 13
5.84 6.5 6.86 7.58 5
5.84 6.86 6.5 7.58 5
7.32 7.72 7.66 7.98 9
4.46 5.18 5.82 6.61 16
8.47 7.22 7.96 6.88 14
7.88 7.02 7.67 6.57 17
4.99 5.25 5.6 5.45 19
4.44 4.78 4.34 4.17 19
5.4 4.79 6.75 6.18 19
6.33 6.32 6.79 7.02 9
5.67 5.79 6.36 6.29 9
4.39 4.37 4.43 3.92 16
5.46 6.33 5.43 6.58 0
7.43 8.53 5.92 7.01 0
6.83 5.81 5.66 4.53 12
7.54 7.34 6.72 6.26 12
4.41 3.74 3.15 2.74 12
4.44 5.96 3.91 5.34 15
5.43 4.18 4.56 3.22 16
4.2 3.91 4.8 4.69 16
6.75 7.13 5.26 5.64 5
6.75 5.26 7.13 5.64 5
4.93 4.27 3.63 3.26 13
6.25 7.27 5.46 6.4 16
9.01 7.93 7.85 6.84 14
5.78 6.15 7.21 7.61 7
5.84 5.81 6.71 6.46 19
5.28 6.47 5.79 6.76 5
5.28 5.79 6.47 6.76 5
5.09 6.46 4.62 5.95 18
6.1 5.35 4.8 3.93 2
5.66 5.1 7.06 6.44 9
7.04 5.57 5.55 4.12 16
10.51 9.8 9.52 8.99 4
5.3 5.52 5.83 5.67 18
7.64 6.66 6.42 5.62 4
5.69 5.71 4.67 5.06 12
6.8 7.19 5.65 5.92 18
6.96 6.41 5.55 4.98 6
7.61 7.6 6.62 6.88 16
6.57 6.57 5.42 5.54 8
5.68 4.42 4.37 3.07 0
5.92 5.39 6.5 5.62 15
5.9 5.49 6.74 6.56 14
7.8 8.01 7.96 7.96 4
5.2 5.26 4.14 4.12 15
4.98 5.57 3.76 4.65 10
4.76 4.12 3.91 3.26 10
5.61 6.82 4.62 5.74 2
4.66 6.09 3.92 5.25 2
3.97 4.87 3.82 5.08 11
6.52 7.53 5.6 6.43 6
5.06 4.38 4.03 3.2 7
10.22 9.08 10.67 9.53 3
8.15 7.71 7.93 7.32 16
7.53 6.89 6.28 5.49 2
6.62 5.86 5.96 5.31 14
5.84 6.53 6.97 7.8 16
5.34 5.41 5.85 5.55 7
7.84 7.32 7.5 6.74 4
11.43 9.94 11.72 10.29 14
5.2 4.85 4.21 4.14 12
4.86 5.48 3.34 4.02 7
5.45 6.1 4.52 5.32 0
4.96 4.69 5.82 5.24 11
5.94 7.38 6.73 8.23 18
6.86 6.18 6.8 5.87 8
8.49 7.53 9.49 8.37 8
5.78 5.19 5.04 4.17 9
8.27 7.39 7.27 6.59 16
8.27 6.9 7.06 5.62 6
8.27 7.39 8.06 7.4 9
8.83 8.2 7.65 7.16 17
8.53 7.27 7.57 6.3 8
8.48 7.54 7.78 6.8 8
7.24 7.07 7.15 6.8 11
6.27 5.94 7.0 6.41 14
6.86 5.5 7.43 6.24 3
5.14 4.26 4.66 3.55 17
8.21 7.78 7.56 6.89 17
5.92 6.57 5.03 5.44 0
4.99 4.58 4.3 4.36 1
6.93 7.88 5.99 6.74 7
9.99 9.22 8.59 7.76 7
11.02 9.99 10.31 9.33 6
7.16 6.42 6.51 5.58 15
8.36 6.9 8.53 7.0 7
7.96 6.6 9.2 7.89 8
7.42 6.7 8.9 8.08 17
5.71 5.54 7.17 6.86 17
7.94 6.45 9.23 7.71 13
5.28 5.85 4.79 5.57 19
4.55 4.69 3.15 3.21 3
5.73 7.07 4.68 6.1 0
6.11 5.66 5.06 4.87 17
7.89 7.1 6.97 6.02 8
6.75 6.33 6.09 5.41 0
6.14 6.85 5.99 7.0 19
4.54 5.01 4.26 4.31 3
5.82 6.07 5.18 5.65 3
5.29 5.05 3.9 3.54 0
6.45 7.91 5.57 7.06 17
4.74 3.8 4.09 2.99 0
8.12 7.84 8.08 7.53 7
4.99 5.3 5.28 5.6 7
8.3 7.91 6.95 6.48 7
7.21 6.9 8.42 8.24 15
7.44 6.12 8.91 7.6 15
5.96 6.38 5.48 6.22 17
7.15 6.8 6.14 5.72 0
7.85 7.12 9.07 8.32 14
4.73 4.74 5.18 4.82 9
5.74 5.98 6.13 6.55 4
4.62 4.32 4.06 3.37 9
5.97 7.05 5.73 7.02 17
5.28 4.35 4.18 3.19 3
5.08 4.08 4.7 3.45 2
5.1 5.22 5.71 5.91 7
6.31 6.04 7.63 7.18 19
6.35 5.41 6.53 5.32 16
7.17 6.0 6.56 5.2 17
8.58 8.28 7.93 7.89 4
6.59 5.85 5.29 4.78 9
10.35 8.82 10.86 9.35 8
5.79 5.11 5.73 5.41 17
5.16 5.66 4.16 4.63 0
6.5 6.16 5.44 5.39 5
6.5 5.44 6.16 5.39 5
9.11 8.12 8.41 7.63 14
9.56 8.3 8.13 6.85 17
8.12 6.63 9.45 7.95 17
6.65 5.57 6.99 6.02 19
5.55 5.55 6.88 7.01 15
5.75 5.41 6.84 6.21 1
5.7 5.57 6.61 6.71 11
5.63 5.06 5.75 4.8 1
5.41 4.49 5.95 4.74 2
6.7 5.82 7.31 6.27 14
6.25 5.52 7.5 6.89 13
10.86 9.48 10.09 8.66 8
5.55 5.5 6.64 6.82 14
5.61 5.31 6.26 5.59 19
9.53 9.16 8.38 7.93 3
6.09 5.24 5.14 4.6 19
6.55 5.67 6.16 5.11 11
8.81 7.82 9.56 8.56 19
9.49 8.08 10.47 9.14 8
5.17 4.56 4.08 3.74 17
7.7 6.31 6.93 5.56 9
11.22 10.92 10.4 10.14 19
8.77 8.41 7.61 7.12 11
10.48 9.34 8.99 7.83 11
6.04 4.76 7.47 6.11 15
8.81 7.72 10.2 9.05 11
5.54 5.97 7.05 7.4 4
5.03 6.07 6.23 7.25 15
4.96 5.73 5.24 5.8 2
5.15 4.08 5.55 4.72 12
5.28 6.0 4.98 5.84 10
4.56 4.41 3.26 3.09 11
7.37 6.96 7.5 6.86 11
4.99 4.37 5.73 5.43 0
4.45 5.64 4.23 5.08 2
4.11 4.15 4.02 3.77 0
7.14 5.88 7.93 6.79 1
6.55 5.22 5.41 4.24 19
9.24 7.81 8.34 6.83 7
8.14 7.11 8.69 7.76 1
8.47 7.53 9.8 8.76 1
7.66 6.55 8.29 7.01 1
9.09 7.94 8.44 7.15 3
6.97 5.69 5.97 4.66 3
6.97 5.7 7.36 6.25 17
7.03 6.64 6.57 6.49 14
9.61 9.03 10.45 10.04 14
4.77 3.59 4.42 3.17 0
5.53 6.16 5.23 6.18 9
6.05 5.27 7.1 6.08 5
6.05 7.1 5.27 6.08 5
7.66 6.15 8.84 7.37 9
6.43 5.02 7.73 6.39 1
5.57 4.8 6.9 5.95 17
5.13 5.1 6.61 6.54 1
6.42 6.08 6.53 5.95 12
5.59 6.29 6.27 7.12 12
4.9 6.3 5.27 6.75 1
4.9 5.26 4.63 4.73 1
6.45 5.08 7.61 6.35 1
4.38 4.68 3.62 4.38 9
5.86 7.37 4.75 6.27 10
6.55 7.82 5.04 6.3 6
3.97 4.81 2.74 3.77 5
3.97 2.74 4.81 3.77 5
6.28 7.5 5.34 6.41 13
5.45 4.56 5.38 4.8 5
5.45 5.38 4.56 4.8 5
6.33 5.43 5.65 4.81 16
5.85 6.35 5.95 6.1 3
5.43 4.62 6.06 5.49 9
5.82 5.63 4.66 4.33 1
5.14 6.26 4.37 5.71 19
4.29 5.44 4.27 5.29 12
5.94 6.01 6.75 7.08 12
6.24 5.67 6.52 6.13 16
5.2 5.71 4.61 4.79 9
5.28 4.47 5.35 4.44 12
6.91 5.7 6.75 5.46 9
9.23 8.72 8.86 8.12 4
5.2 5.08 4.89 5.04 0
6.26 5.95 5.08 4.56 12
7.54 6.17 6.88 5.64 12
8.97 8.33 8.54 7.95 11
8.26 8.55 8.98 9.29 8
9.19 7.81 9.33 7.93 3
7.77 6.27 6.85 5.43 9
9.06 8.05 7.57 6.59 9
5.38 4.23 6.5 5.35 9
7.58 6.44 6.9 5.63 19
10.62 9.65 11.87 10.81 19
8.41 7.94 7.37 6.92 19
6.74 6.25 5.57 4.88 17
6.72 7.13 5.34 5.87 17
6.82 5.32 5.55 4.07 1
10.05 8.68 11.47 10.12 13
7.3 6.76 6.79 6.08 17
5.41 5.63 6.04 6.58 3
7.06 6.9 7.35 6.88 4
5.83 6.49 6.69 7.57 11
4.27 4.54 4.85 4.63 5
4.27 4.85 4.54 4.63 5
8.82 9.21 8.88 9.11 19
7.19 7.23 7.1 7.12 11
5.84 6.79 6.19 6.88 9
5.01 4.16 4.87 3.71 8
5.47 5.61 6.18 6.63 15
5.51 6.01 5.69 5.81 9
6.11 7.25 5.69 6.75 16
5.11 5.54 5.0 5.12 15
4.92 4.36 4.59 4.22 16
6.19 5.79 4.97 4.38 0
6.77 5.5 8.25 6.97 3
7.03 6.52 7.83 7.45 17
4.95 6.09 6.35 7.38 17
5.73 5.17 7.07 6.41 17
5.01 3.77 4.08 3.11 17
8.6 7.69 7.48 6.73 16
5.65 4.41 6.72 5.33 12
7.01 5.88 8.45 7.38 2
8.99 7.84 10.27 9.14 14
7.07 5.58 6.65 5.14 12
7.11 5.72 6.18 4.7 15
7.01 7.03 6.21 5.96 17
5.35 5.73 4.99 5.77 9
4.02 4.4 3.46 3.36 0
5.66 5.99 5.8 5.74 16
5.4 5.47 6.15 6.54 17
7.53 7.25 6.02 5.82 0
6.4 6.7 5.06 5.45 11
4.33 4.48 3.4 3.53 17
7.93 7.69 7.56 7.11 16
6.95 5.55 6.59 5.39 12
4.38 4.2 4.41 4.74 0
8.57 7.73 7.55 6.62 2
9.78 8.34 8.37 6.9 9
9.17 7.65 8.41 6.89 9
4.97 5.71 5.05 5.39 10
6.03 5.96 6.67 6.89 9
5.79 6.47 4.77 5.58 0
4.04 5.48 2.57 4.05 14
4.18 5.69 3.23 4.64 11
4.53 4.37 4.8 5.08 0
6.19 5.71 5.25 5.11 11
7.37 8.89 5.96 7.5 17
5.48 5.97 6.55 6.83 17
4.8 4.44 5.34 4.56 0
5.22 5.53 6.27 6.83 16
9.15 9.08 9.14 8.86 13
6.39 6.56 6.11 6.52 13
9.2 8.39 10.53 9.64 14
9.08 8.49 8.97 8.2 18
6.25 4.9 6.12 5.02 16
7.23 6.76 8.19 7.52 16
7.1 7.08 8.37 8.24 16
7.42 6.23 6.52 5.18 16
6.23 5.72 7.74 7.18 2
9.42 8.1 10.17 8.8 8
5.66 6.36 6.28 7.24 3
5.22 5.29 5.4 5.02 17
5.63 4.97 5.15 4.13 7
5.16 6.02 5.59 6.69 8
4.43 4.97 5.02 5.16 18
5.86 5.23 6.25 5.33 12
4.49 5.33 5.54 6.22 12
5.95 5.5 7.06 6.82 1
6.27 5.35 6.05 4.92 1
7.21 6.17 7.55 6.58 4
5.62 5.79 6.42 6.53 1
11.91 11.01 11.93 11.2 19
7.45 7.29 7.7 7.3 6
5.37 5.26 3.86 3.84 16
4.67 6.1 3.64 5.15 5
4.67 3.64 6.1 5.15 5
4.65 6.08 4.32 5.67 13
4.23 5.28 4.88 6.16 12
5.29 5.09 5.48 5.59 11
5.73 5.23 5.08 4.48 0
7.06 5.56 7.07 5.62 17
10.85 9.55 10.34 9.12 19
5.31 4.02 4.07 2.69 11
8.12 7.22 6.64 5.82 14
8.24 6.92 7.35 6.16 13
8.27 7.02 7.06 5.71 1
5.37 4.39 4.95 3.79 2
5.1 3.6 3.72 2.3 0
7.83 8.71 6.74 7.56 12
6.69 5.69 6.31 5.54 17
6.77 6.02 6.7 6.26 11
8.2 6.78 8.14 6.84 13
6.94 6.4 5.71 5.0 14
4.82 5.41 6.12 6.67 17
8.12 6.9 7.41 6.38 17
5.6 5.96 6.32 6.82 17
5.81 6.2 5.56 5.79 17
4.58 4.37 3.81 3.18 0
5.39 6.11 5.18 6.17 1
5.36 5.03 5.97 5.74 17
7.37 6.38 6.61 5.71 11
3.85 4.89 2.76 3.81 5
3.85 2.76 4.89 3.81 5
5.27 6.72 3.87 5.35 9
5.88 5.09 5.12 4.46 11
4.81 6.04 5.69 7.02 2
4.1 5.15 4.04 4.72 12
7.93 7.12 6.63 5.71 19
5.2 4.15 4.78 3.43 14
4.58 4.02 3.15 2.51 16
6.86 7.08 5.67 5.85 13
4.51 4.24 3.66 3.72 14
4.44 5.79 2.99 4.42 10
5.15 4.7 4.34 4.16 8
5.95 6.33 7.44 7.83 0
10.98 9.46 11.19 9.71 8
8.17 7.21 9.45 8.39 4
7.51 6.22 8.32 7.1 15
4.68 3.75 4.68 3.66 11
5.91 6.73 6.19 7.28 7
7.76 6.88 6.26 5.43 13
7.02 6.24 6.18 5.16 9
4.81 5.38 4.86 4.97 19
11.34 10.07 10.26 8.94 4
8.2 6.72 6.89 5.42 0
7.02 6.97 6.44 6.1 7
5.94 7.13 5.8 7.19 2
4.33 4.66 4.69 4.68 12
7.22 6.01 6.01 4.74 16
5.19 5.01 6.06 5.51 10
6.77 5.73 8.17 7.21 16
6.98 5.83 7.29 6.15 12
6.05 4.81 5.88 4.73 11
5.91 5.3 5.09 4.53 0
5.69 4.31 4.58 3.14 13
6.6 6.98 6.19 6.83 12
4.73 4.9 4.75 5.37 15
3.79 4.5 2.94 3.22 0
5.93 4.96 6.65 5.94 16
5.17 4.33 5.54 4.45 0
5.98 4.7 5.71 4.6 18
5.44 4.4 5.55 4.65 16
6.18 5.78 5.9 5.35 7
7.91 7.3 7.43 6.71 7
7.94 7.33 8.98 8.51 18
5.67 5.23 4.18 3.87 16
6.66 7.69 5.36 6.47 0
6.48 4.98 5.54 4.09 17
6.27 5.17 5.87 4.78 16
7.45 6.12 7.57 6.19 15
6.28 6.86 5.9 6.35 8
10.73 9.44 10.2 8.81 8
6.86 5.5 7.53 6.04 17
7.82 7.64 8.98 8.84 18
6.08 5.13 5.38 4.23 9
7.54 6.37 7.01 5.7 9
10.79 10.78 9.9 9.72 19
9.91 9.16 10.7 9.78 14
6.89 7.24 5.92 6.22 15
4.22 3.57 2.98 2.76 11
4.5 5.2 3.24 4.2 11
7.13 8.04 5.73 6.58 7
7.58 6.28 7.95 6.75 6
7.53 6.44 6.54 5.49 1
8.15 7.67 7.83 7.6 10
5.53 4.3 4.72 3.29 15
5.14 5.2 4.71 5.22 17
5.43 4.18 4.07 2.73 11
5.64 5.67 5.08 5.45 11
8.91 7.69 8.16 7.11 19
10.5 9.34 9.71 8.43 14
5.49 5.84 4.33 4.51 4
4.1 3.16 3.21 2.83 5
4.1 3.21 3.16 2.83 5
5.36 5.68 3.91 4.43 8
8.8 9.47 7.28 7.98 12
8.52 7.13 7.27 5.85 10
5.11 4.57 3.86 3.49 10
10.15 8.93 11.09 9.82 3
7.65 7.43 6.31 6.21 10
5.61 6.59 5.64 6.84 15
6.37 4.88 5.08 3.66 5
6.37 5.08 4.88 3.66 5
6.7 6.2 5.84 5.24 4
9.23 8.44 10.37 9.7 14
4.83 5.23 5.98 6.07 18
3.78 3.87 4.88 5.26 2
8.02 6.63 7.45 6.02 2
4.2 3.6 3.43 2.9 13
4.05 4.47 3.66 4.57 0
7.19 7.26 5.92 6.21 18
5.46 5.71 6.37 6.36 9
4.55 4.93 5.17 5.79 15
10.29 9.26 11.32 10.24 6
9.67 9.1 9.51 8.86 4
5.09 3.59 3.77 2.25 5
5.09 3.77 3.59 2.25 5
7.13 7.24 5.86 6.18 4
6.65 7.53 5.63 6.59 0
9.65 8.59 8.87 7.76 10
8.2 7.89 8.91 8.68 6
5.81 6.46 6.87 7.71 0
4.99 5.02 5.78 5.41 17
11.75 10.68 10.57 9.61 19
5.95 5.8 4.95 4.63 4
8.37 7.33 9.53 8.43 13
5.79 6.43 5.41 6.35 4
11.8 11.16 10.79 10.15 4
6.41 5.92 5.64 5.24 16
9.31 7.87 8.75 7.32 2
5.75 4.38 4.86 3.4 11
5.65 4.13 4.79 3.3 4
9.2 7.87 8.11 6.73 8
9.17 8.16 8.43 7.47 6
5.94 6.71 6.41 7.38 0
4.29 4.07 5.28 4.74 15
8.75 8.43 7.25 6.98 18
6.16 5.6 5.67 4.84 4
6.11 6.6 5.9 6.72 0
5.78 5.7 5.04 4.62 9
5.12 4.64 6.42 6.08 7
5.84 5.52 5.91 5.83 9
5.28 6.07 4.35 4.95 3
4.86 3.93 4.65 3.36 0
5.04 5.43 4.07 4.18 12
6.38 7.06 5.7 6.13 5
6.38 5.7 7.06 6.13 5
9.67 9.75 10.78 10.99 14
6.62 5.33 6.55 5.25 12
7.59 6.99 9.06 8.5 3
11.66 10.34 11.82 10.57 14
5.64 6.25 5.53 6.32 0
4.96 4.82 3.9 3.52 16
6.16 7.6 5.01 6.36 2
4.45 4.58 3.68 4.31 12
6.56 7.08 5.08 5.73 8
4.67 3.66 4.98 4.25 12
5.83 6.46 6.23 7.13 9
9.15 9.57 8.82 9.02 8
5.74 4.64 5.29 3.94 8
6.83 6.29 7.79 7.33 7
4.96 5.56 5.89 6.15 7
7.22 6.59 6.97 6.32 16
8.25 8.04 7.31 6.9 10
6.84 5.39 7.69 6.22 8
5.29 5.8 5.0 5.68 4
4.91 6.27 3.67 5.02 11
6.23 5.01 5.92 4.61 2
8.1 6.94 7.51 6.24 15
8.12 7.14 6.88 5.8 3
6.86 5.7 8.0 6.73 6
5.55 5.54 6.51 6.76 8
4.11 4.97 4.19 5.06 7
5.91 7.16 4.93 6.23 15
10.91 9.56 9.89 8.6 14
10.51 10.4 9.94 10.0 18
10.31 9.97 9.3 9.02 6
4.72 4.94 5.25 5.43 15
5.67 5.2 5.07 4.71 1
5.72 6.84 4.34 5.55 19
3.8 2.68 2.62 1.72 5
3.8 2.62 2.68 1.72 5
6.55 7.93 5.95 7.17 11
6.68 6.61 5.47 5.54 16
11.75 10.6 12.1 10.91 19
8.69 7.5 7.31 6.05 3
4.96 3.67 4.09 3.11 14
5.18 6.7 3.72 5.23 9
5.08 6.26 3.97 5.27 12
4.48 3.66 3.91 3.43 0
5.31 4.07 4.8 3.92 0
7.64 6.64 8.93 7.85 14
7.55 6.12 8.92 7.46 3
7.27 6.79 6.69 6.42 9
9.75 8.25 9.26 7.78 8
8.95 7.78 7.56 6.48 2
6.92 7.72 5.41 6.29 2
4.48 3.97 3.53 2.83 9
3.84 4.7 3.39 4.09 8
7.53 6.12 7.54 6.21 2
6.09 4.86 5.72 4.29 14
6.78 6.29 7.26 6.98 11
9.99 8.62 10.01 8.63 13
8.29 6.83 7.18 5.75 14
6.65 5.25 7.75 6.38 11
9.18 8.36 10.38 9.66 4
7.05 5.69 5.88 4.64 11
7.38 5.94 7.94 6.43 11
7.39 8.54 6.01 7.09 18
5.56 6.16 6.0 6.87 4
5.13 5.14 5.09 4.65 18
5.43 6.21 5.69 6.77 14
4.15 4.93 4.27 4.61 16
9.85 9.26 9.0 8.24 18
5.63 5.23 4.74 4.08 14
5.2 5.92 4.87 5.94 16
4.44 4.68 4.19 4.04 13
5.87 5.14 7.25 6.41 8
6.3 5.82 7.81 7.25 16
6.87 6.3 8.14 7.39 3
4.26 4.99 3.27 4.03 17
5.81 7.22 4.36 5.73 15
6.56 6.29 5.73 5.77 8
6.22 5.27 5.69 5.03 4
6.25 5.28 7.27 6.29 17
8.49 7.85 7.38 6.58 4
4.66 3.91 3.84 2.93 6
5.32 6.43 4.86 6.2 2
7.14 7.03 6.29 6.08 9
9.27 8.62 10.35 9.81 19
8.33 7.87 9.26 8.81 18
6.05 4.9 7.17 6.04 12
9.37 8.52 9.08 8.18 14
7.16 5.79 7.27 5.79 19
8.4 7.41 7.1 6.25 19
8.86 7.45 9.38 8.08 2
5.79 5.89 7.11 7.0 19
9.4 8.77 9.18 8.38 19
5.9 6.54 6.99 7.47 15
7.13 5.75 8.61 7.25 3
4.89 3.89 6.35 5.33 3
7.7 6.59 9.07 8.0 17
5.18 5.44 4.69 4.7 8
4.58 4.86 5.23 5.75 4
4.63 5.74 5.12 5.9 19
5.06 5.25 5.82 6.33 9
6.17 5.93 6.58 6.11 18
8.01 7.72 7.91 7.35 19
4.82 5.41 5.82 6.19 12
6.36 6.13 7.81 7.64 4
7.51 7.83 7.39 7.44 8
4.63 4.39 3.86 3.61 4
6.38 7.61 5.03 6.18 2
9.13 7.76 7.71 6.4 17
6.8 6.3 5.72 5.21 4
7.05 5.92 8.23 7.22 2
12.18 11.19 13.32 12.42 14
9.69 8.97 9.61 9.11 14
5.79 5.44 7.21 6.72 7
5.05 4.81 6.52 6.17 17
5.22 4.82 3.9 3.45 8
4.95 5.72 4.64 5.59 9
5.75 6.19 7.06 7.57 16
6.47 5.01 5.42 4.1 4
8.53 7.17 7.69 6.46 4
5.25 5.3 6.55 6.35 4
5.18 4.47 6.11 5.57 11
5.45 6.6 6.43 7.7 4
5.64 5.44 6.24 5.97 15
6.78 7.13 5.96 6.05 3
6.34 7.43 5.12 6.29 3
4.17 4.24 4.61 4.16 3
4.71 4.74 4.04 4.55 19
4.69 3.64 4.38 3.54 19
6.63 6.76 5.96 6.01 4
5.39 5.37 6.45 6.66 7
4.69 5.38 5.29 5.59 13
5.59 5.94 4.57 5.24 8
9.02 7.51 7.63 6.15 16
4.44 4.47 3.12 3.0 16
4.39 4.69 4.94 4.92 14
5.58 5.35 6.32 6.4 0
5.27 5.07 5.64 5.06 9
6.52 5.06 8.03 6.56 17
4.83 4.25 5.69 4.97 11
4.98 6.43 5.21 6.49 11
4.12 4.78 3.22 3.83 4
5.69 5.66 7.14 7.11 9
5.31 4.33 6.15 5.3 9
5.96 6.69 7.2 7.74 9
9.28 8.49 8.65 8.08 6
4.19 4.22 2.83 3.22 19
6.56 7.08 5.58 6.12 17
8.68 8.35 7.47 7.11 9
5.1 4.23 5.2 4.27 15
5.99 4.78 7.29 6.19 2
7.68 6.66 7.62 6.55 12
4.7 3.93 5.48 4.74 0
5.06 5.23 5.36 5.09 2
6.07 4.67 6.42 4.91 2
7.53 6.28 6.29 5.19 19
6.29 4.87 5.42 4.19 11
7.93 7.05 7.49 6.48 12
6.97 6.61 6.13 5.64 8
6.12 5.42 6.15 5.74 4
6.09 5.28 6.13 5.35 11
5.92 4.53 4.82 3.63 17
6.23 4.72 5.92 4.41 19
4.64 3.64 3.76 2.47 13
6.91 6.32 5.93 5.36 3
8.05 6.61 7.14 5.81 0
7.21 5.96 6.07 4.99 4
7.44 6.69 6.34 5.82 0
8.02 8.2 7.11 7.5 11
5.96 6.64 7.04 7.91 13
5.26 5.24 5.95 5.55 17
5.51 5.92 6.17 6.23 17
6.98 6.25 6.41 5.43 17
6.04 5.14 4.82 3.9 17
4.23 5.45 3.66 4.7 16
5.62 5.37 5.98 6.04 3
8.47 7.72 9.66 8.86 3
5.22 4.45 6.04 5.1 3
8.32 6.83 7.45 5.94 15
6.88 7.45 6.1 6.75 11
6.61 5.62 6.59 5.91 12
9.99 9.03 10.02 8.94 19
6.25 5.84 7.49 7.2 2
5.22 3.88 5.58 4.21 0
5.04 4.51 6.22 5.87 16
5.94 4.55 5.45 4.31 16
5.54 5.76 5.88 5.93 6
7.62 7.28 6.46 6.02 6
5.92 5.74 6.58 6.69 19
4.88 5.75 4.74 5.56 0
6.56 7.05 6.56 6.81 18
7.93 7.59 6.81 6.52 15
11.7 10.34 13.11 11.71 14
11.6 10.78 10.55 9.7 4
9.82 8.98 8.93 7.93 10
7.0 5.88 5.49 4.38 5
7.0 5.49 5.88 4.38 5
7.5 8.02 6.32 6.99 7
8.48 7.24 7.5 6.33 1
8.89 7.65 8.29 7.22 4
8.8 8.02 7.29 6.54 4
8.46 7.08 8.49 7.02 11
6.69 6.06 5.45 4.93 11
10.7 10.55 10.25 9.91 19
6.97 5.88 8.33 7.26 2
7.25 6.36 8.18 7.4 13
8.59 8.39 8.08 7.82 19
8.79 7.93 8.49 7.76 10
7.09 6.24 6.45 5.35 9
4.35 4.68 4.38 4.2 15
5.64 4.94 4.95 4.28 16
6.85 5.96 6.05 5.45 8
5.82 6.62 7.07 7.86 0
5.19 4.18 6.71 5.66 5
5.19 6.71 4.18 5.66 5
6.19 6.77 5.76 6.48 14
4.94 4.64 3.68 3.3 1
6.16 7.35 4.96 6.27 7
7.6 6.92 7.88 6.94 13
7.26 7.21 7.94 7.62 11
6.01 6.85 5.59 6.37 3
5.16 4.22 4.32 3.51 14
5.09 4.55 5.07 4.99 11
7.25 6.78 8.19 7.58 15
6.17 4.86 5.88 4.52 7
7.79 6.65 8.11 7.17 11
6.84 5.54 7.13 6.0 1
6.95 5.91 6.95 5.95 0
7.13 6.18 5.87 4.91 3
9.36 9.18 7.89 7.68 2
7.34 7.03 7.95 7.89 13
6.66 6.43 7.45 6.98 7
8.76 7.99 8.57 7.57 13
5.51 5.04 5.48 5.38 14
6.31 5.51 5.37 4.4 4
7.14 6.62 6.6 6.09 9
6.26 5.57 7.78 7.06 19
10.14 9.55 10.53 10.11 19
7.94 6.76 7.55 6.41 4
5.68 6.31 6.09 6.93 16
4.87 4.64 4.46 3.82 19
6.31 6.22 5.93 5.59 9
5.61 5.79 5.8 6.35 2
4.34 4.69 3.82 3.71 7
6.74 6.77 6.53 6.22 4
5.59 6.19 6.04 6.94 7
4.6 5.3 5.05 5.35 14
5.68 7.2 5.36 6.82 9
5.28 4.17 5.06 4.14 0
7.76 7.03 7.19 6.28 13
4.71 5.66 5.63 6.61 14
5.53 5.27 6.85 6.49 13
6.72 7.17 8.24 8.67 19
8.88 8.43 9.81 9.15 19
6.76 5.55 6.32 4.99 16
5.31 4.42 4.41 3.53 13
5.31 6.52 4.45 5.52 9
4.11 5.49 4.08 5.59 12
5.66 7.16 5.06 6.53 0
5.24 6.0 3.89 4.52 3
5.29 5.81 4.13 4.91 14
8.11 8.19 8.66 8.94 4
12.21 11.25 12.02 11.0 19
5.74 4.83 4.23 3.33 9
7.62 6.49 6.72 5.73 7
6.68 7.02 5.79 6.05 19
6.27 5.66 5.23 4.89 6
5.52 4.69 4.04 3.2 19
9.04 8.18 8.78 8.15 19
8.51 7.99 8.0 7.73 14
6.76 5.46 5.42 4.23 13
7.76 6.34 7.23 5.84 9
7.56 6.53 8.48 7.63 17
6.67 6.13 5.86 5.15 13
5.23 4.92 4.48 4.14 15
4.63 4.16 3.4 3.25 15
5.21 4.65 3.76 3.44 17
8.44 7.09 7.53 6.32 9
4.76 5.39 5.6 5.9 19
6.27 6.13 7.63 7.6 12
10.49 10.16 9.21 8.77 14
3.49 4.28 3.87 4.21 0
5.14 5.32 6.36 6.72 17
7.93 8.56 6.51 7.17 9
8.07 6.81 7.24 5.88 16
7.27 6.57 8.76 8.08 7
6.09 4.86 6.83 5.6 11
7.29 6.62 6.47 5.91 1
7.12 8.08 5.83 6.67 11
9.84 8.63 9.84 8.75 4
8.89 7.62 8.16 6.76 7
8.75 7.9 8.19 7.14 15
6.65 6.22 5.59 5.46 13
4.59 4.61 4.4 4.28 13
8.5 7.08 7.19 5.72 4
8.85 7.93 8.41 7.38 4
4.96 3.96 5.3 4.62 11
8.8 8.68 7.97 8.01 11
4.96 4.95 4.38 3.94 6
8.36 6.85 8.21 6.77 10
8.68 7.57 7.16 6.09 3
9.64 8.63 8.53 7.57 19
4.7 4.31 3.52 2.9 3
5.55 4.66 4.98 4.47 5
5.55 4.98 4.66 4.47 5
6.93 6.54 5.98 5.61 6
6.15 6.3 5.09 5.11 7
7.67 6.34 7.37 5.94 18
7.13 7.79 5.76 6.56 3
4.84 5.88 3.86 5.11 9
8.0 7.05 8.89 7.87 6
6.94 5.86 8.35 7.17 2
9.05 7.95 9.53 8.29 19
8.5 7.23 8.08 6.96 14
9.8 9.24 10.55 10.12 19
8.01 7.16 7.58 6.5 9
6.51 4.99 5.13 3.62 11
7.78 6.37 6.61 5.28 0
7.96 6.69 7.1 5.98 0
8.8 7.98 10.24 9.36 6
9.79 9.22 11.23 10.72 6
9.12 7.65 8.55 7.03 10
6.42 5.31 4.95 3.94 8
7.26 6.94 8.58 8.13 14
5.81 6.53 7.19 7.98 9
4.56 4.29 5.39 4.78 7
4.82 4.47 4.21 3.45 11
5.96 6.06 7.33 7.31 5
5.96 7.33 6.06 7.31 5
5.17 6.12 6.15 6.85 0
10.48 9.31 11.29 10.01 14
5.38 3.87 4.34 2.95 0
4.88 4.56 4.32 4.4 15
4.88 4.31 3.46 3.02 9
3.84 3.83 5.36 5.22 0
5.25 4.49 6.54 5.65 8
5.74 4.88 4.36 3.7 7
6.55 7.13 5.09 5.74 8
4.58 3.76 3.75 3.33 2
6.42 7.71 5.73 6.83 16
7.85 8.13 7.84 8.26 13
10.28 9.52 9.08 8.25 8
5.87 5.55 4.9 4.43 7
4.83 6.14 4.79 6.11 15
4.89 6.28 5.52 6.74 0
5.24 5.97 6.17 7.12 8
5.36 5.04 5.09 4.4 11
6.86 6.43 5.79 5.64 0
6.89 8.34 5.43 6.86 17
6.22 5.37 5.13 4.49 0
7.38 7.16 6.64 6.56 17
5.74 6.91 4.73 5.78 16
3.71 4.48 2.63 3.77 8
6.61 7.97 5.14 6.51 15
6.32 4.95 6.39 5.14 5
6.32 6.39 4.95 5.14 5
6.03 5.33 6.38 5.96 5
6.03 6.38 5.33 5.96 5
4.42 4.4 3.14 2.89 2
6.91 7.8 5.91 6.62 14
6.02 5.92 6.69 6.88 15
5.13 5.12 5.57 5.13 5
5.13 5.57 5.12 5.13 5
9.21 7.83 10.24 8.91 14
3.91 5.2 4.16 5.61 19
6.01 7.4 5.36 6.84 13
7.29 8.68 5.97 7.43 2
6.03 4.92 4.8 3.79 16
5.63 6.22 4.49 5.12 19
4.95 5.44 3.55 4.29 17
5.09 4.8 3.93 3.64 17
5.18 5.54 4.08 4.48 15
4.04 5.47 3.53 5.06 15
6.38 6.18 7.72 7.53 2
4.71 4.71 5.88 5.55 5
4.71 5.88 4.71 5.55 5
5.35 5.18 6.81 6.5 5
5.35 6.81 5.18 6.5 5
5.84 5.57 7.07 6.66 16
6.24 7.5 5.76 7.18 14
9.18 7.71 8.69 7.29 14
7.51 7.04 6.45 5.78 15
5.62 6.79 6.61 7.64 15
5.57 4.72 7.01 6.21 14
10.89 9.88 11.21 10.28 19
4.73 5.1 3.27 3.82 16
4.28 4.85 3.76 4.62 17
8.45 8.11 7.45 6.93 4
5.04 6.15 6.37 7.36 12
5.08 4.55 6.5 5.92 15
8.53 7.83 8.82 8.22 9
7.73 6.47 9.18 7.87 18
9.07 7.65 10.51 9.11 13
5.84 6.5 6.86 7.58 5
5.84 6.86 6.5 7.58 5
7.32 7.72 7.66 7.98 9
4.46 5.18 5.82 6.61 16
8.47 7.22 7.96 6.88 14
7.88 7.02 7.67 6.57 17
4.99 5.25 5.6 5.45 19
4.44 4.78 4.34 4.17 19
5.4 4.79 6.75 6.18 19
6.33 6.32 6.79 7.02 9
5.67 5.79 6.36 6.29 9
4.39 4.37 4.43 3.92 16
5.46 6.33 5.43 6.58 0
7.43 8.53 5.92 7.01 0
6.83 5.81 5.66 4.53 12
7.54 7.34 6.72 6.26 12
4.41 3.74 3.15 2.74 12
4.44 5.96 3.91 5.34 15
5.43 4.18 4.56 3.22 16
4.2 3.91 4.8 4.69 16
6.75 7.13 5.26 5.64 5
6.75 5.26 7.13 5.64 5
4.93 4.27 3.63 3.26 13
6.25 7.27 5.46 6.4 16
9.01 7.93 7.85 6.84 14
5.78 6.15 7.21 7.61 7
5.84 5.81 6.71 6.46 19
5.28 6.47 5.79 6.76 5
5.28 5.79 6.47 6.76 5
5.09 6.46 4.62 5.95 18
6.1 5.35 4.8 3.93 2
5.66 5.1 7.06 6.44 9
7.04 5.57 5.55 4.12 16
10.51 9.8 9.52 8.99 4
5.3 5.52 5.83 5.67 18
7.64 6.66 6.42 5.62 4
5.69 5.71 4.67 5.06 12
6.8 7.19 5.65 5.92 18
6.96 6.41 5.55 4.98 6
7.61 7.6 6.62 6.88 16
6.57 6.57 5.42 5.54 8
5.68 4.42 4.37 3.07 0
5.92 5.39 6.5 5.62 15
5.9 5.49 6.74 6.56 14
7.8 8.01 7.96 7.96 4
5.2 5.26 4.14 4.12 15
4.98 5.57 3.76 4.65 10
4.76 4.12 3.91 3.26 10
5.61 6.82 4.62 5.74 2
4.66 6.09 3.92 5.25 2
3.97 4.87 3.82 5.08 11
6.52 7.53 5.6 6.43 6
5.06 4.38 4.03 3.2 7
10.22 9.08 10.67 9.53 3
8.15 7.71 7.93 7.32 16
7.53 6.89 6.28 5.49 2
6.62 5.86 5.96 5.31 14
5.84 6.53 6.97 7.8 16
5.34 5.41 5.85 5.55 7
7.84 7.32 7.5 6.74 4
11.43 9.94 11.72 10.29 14
5.2 4.85 4.21 4.14 12
4.86 5.48 3.34 4.02 7
5.45 6.1 4.52 5.32 0
4.96 4.69 5.82 5.24 11
5.94 7.38 6.73 8.23 18
6.86 6.18 6.8 5.87 8
8.49 7.53 9.49 8.37 8
5.78 5.19 5.04 4.17 9
8.27 7.39 7.27 6.59 16
8.27 6.9 7.06 5.62 6
8.27 7.39 8.06 7.4 9
8.83 8.2 7.65 7.16 17
8.53 7.27 7.57 6.3 8
8.48 7.54 7.78 6.8 8
7.24 7.07 7.15 6.8 11
6.27 5.94 7.0 6.41 14
6.86 5.5 7.43 6.24 3
5.14 4.26 4.66 3.55 17
8.21 7.78 7.56 6.89 17
5.92 6.57 5.03 5.44 0
4.99 4.58 4.3 4.36 1
6.93 7.88 5.99 6.74 7
9.99 9.22 8.59 7.76 7
11.02 9.99 10.31 9.33 6
7.16 6.42 6.51 5.58 15
8.36 6.9 8.53 7.0 7
7.96 6.6 9.2 7.89 8
7.42 6.7 8.9 8.08 17
5.71 5.54 7.17 6.86 17
7.94 6.45 9.23 7.71 13
5.28 5.85 4.79 5.57 19
4.55 4.69 3.15 3.21 3
5.73 7.07 4.68 6.1 0
6.11 5.66 5.06 4.87 17
7.89 7.1 6.97 6.02 8
6.75 6.33 6.09 5.41 0
6.14 6.85 5.99 7.0 19
4.54 5.01 4.26 4.31 3
5.82 6.07 5.18 5.65 3
5.29 5.05 3.9 3.54 0
6.45 7.91 5.57 7.06 17
4.74 3.8 4.09 2.99 0
8.12 7.84 8.08 7.53 7
4.99 5.3 5.28 5.6 7
8.3 7.91 6.95 6.48 7
7.21 6.9 8.42 8.24 15
7.44 6.12 8.91 7.6 15
5.96 6.38 5.48 6.22 17
7.15 6.8 6.14 5.72 0
7.85 7.12 9.07 8.32 14
4.73 4.74 5.18 4.82 9
5.74 5.98 6.13 6.55 4
4.62 4.32 4.06 3.37 9
5.97 7.05 5.73 7.02 17
5.28 4.35 4.18 3.19 3
5.08 4.08 4.7 3.45 2
5.1 5.22 5.71 5.91 7
6.31 6.04 7.63 7.18 19
6.35 5.41 6.53 5.32 16
7.17 6.0 6.56 5.2 17
8.58 8.28 7.93 7.89 4
6.59 5.85 5.29 4.78 9
10.35 8.82 10.86 9.35 8
5.79 5.11 5.73 5.41 17
5.16 5.66 4.16 4.63 0
6.5 6.16 5.44 5.39 5
6.5 5.44 6.16 5.39 5
9.11 8.12 8.41 7.63 14
9.56 8.3 8.13 6.85 17
8.12 6.63 9.45 7.95 17
6.65 5.57 6.99 6.02 19
5.55 5.55 6.88 7.01 15
5.75 5.41 6.84 6.21 1
5.7 5.57 6.61 6.71 11
5.63 5.06 5.75 4.8 1
5.41 4.49 5.95 4.74 2
6.7 5.82 7.31 6.27 14
6.25 5.52 7.5 6.89 13
10.86 9.48 10.09 8.66 8
5.55 5.5 6.64 6.82 14
5.61 5.31 6.26 5.59 19
9.53 9.16 8.38 7.93 3
6.09 5.24 5.14 4.6 19
6.55 5.67 6.16 5.11 11
8.81 7.82 9.56 8.56 19
9.49 8.08 10.47 9.14 8
5.17 4.56 4.08 3.74 17
7.7 6.31 6.93 5.56 9
11.22 10.92 10.4 10.14 19
8.77 8.41 7.61 7.12 11
10.48 9.34 8.99 7.83 11
6.04 4.76 7.47 6.11 15
8.81 7.72 10.2 9.05 11
5.54 5.97 7.05 7.4 4
5.03 6.07 6.23 7.25 15
4.96 5.73 5.24 5.8 2
5.15 4.08 5.55 4.72 12
5.28 6.0 4.98 5.84 10
4.56 4.41 3.26 3.09 11
7.37 6.96 7.5 6.86 11
4.99 4.37 5.73 5.43 0
4.45 5.64 4.23 5.08 2
4.11 4.15 4.02 3.77 0
7.14 5.88 7.93 6.79 1
6.55 5.22 5.41 4.24 19
9.24 7.81 8.34 6.83 7
8.14 7.11 8.69 7.76 1
8.47 7.53 9.8 8.76 1
7.66 6.55 8.29 7.01 1
9.09 7.94 8.44 7.15 3
6.97 5.69 5.97 4.66 3
6.97 5.7 7.36 6.25 17
7.03 6.64 6.57 6.49 14
9.61 9.03 10.45 10.04 14
4.77 3.59 4.42 3.17 0
5.53 6.16 5.23 6.18 9
6.05 5.27 7.1 6.08 5
6.05 7.1 5.27 6.08 5
7.66 6.15 8.84 7.37 9
6.43 5.02 7.73 6.39 1
5.57 4.8 6.9 5.95 17
5.13 5.1 6.61 6.54 1
6.42 6.08 6.53 5.95 12
5.59 6.29 6.27 7.12 12
4.9 6.3 5.27 6.75 1
4.9 5.26 4.63 4.73 1
6.45 5.08 7.61 6.35 1
4.38 4.68 3.62 4.38 9
5.86 7.37 4.75 6.27 10
6.55 7.82 5.04 6.3 6
3.97 4.81 2.74 3.77 5
3.97 2.74 4.81 3.77 5
6.28 7.5 5.34 6.41 13
5.45 4.56 5.38 4.8 5
5.45 5.38 4.56 4.8 5
6.33 5.43 5.65 4.81 16
5.85 6.35 5.95 6.1 3
5.43 4.62 6.06 5.49 9
5.82 5.63 4.66 4.33 1
5.14 6.26 4.37 5.71 19
4.29 5.44 4.27 5.29 12
5.94 6.01 6.75 7.08 12
6.24 5.67 6.52 6.13 16
5.2 5.71 4.61 4.79 9
5.28 4.47 5.35 4.44 12
6.91 5.7 6.75 5.46 9
9.23 8.72 8.86 8.12 4
5.2 5.08 4.89 5.04 0
6.26 5.95 5.08 4.56 12
7.54 6.17 6.88 5.64 12
8.97 8.33 8.54 7.95 11
8.26 8.55 8.98 9.29 8
9.19 7.81 9.33 7.93 3
7.77 6.27 6.85 5.43 9
9.06 8.05 7.57 6.59 9
5.38 4.23 6.5 5.35 9
7.58 6.44 6.9 5.63 19
10.62 9.65 11.87 10.81 19
8.41 7.94 7.37 6.92 19
6.74 6.25 5.57 4.88 17
6.72 7.13 5.34 5.87 17
6.82 5.32 5.55 4.07 1
10.05 8.68 11.47 10.12 13
7.3 6.76 6.79 6.08 17
5.41 5.63 6.04 6.58 3
7.06 6.9 7.35 6.88 4
5.83 6.49 6.69 7.57 11
4.27 4.54 4.85 4.63 5
4.27 4.85 4.54 4.63 5
8.82 9.21 8.88 9.11 19
7.19 7.23 7.1 7.12 11
5.84 6.79 6.19 6.88 9
5.01 4.16 4.87 3.71 8
5.47 5.61 6.18 6.63 15
5.51 6.01 5.69 5.81 9
6.11 7.25 5.69 6.75 16
5.11 5.54 5.0 5.12 15
4.92 4.36 4.59 4.22 16
6.19 5.79 4.97 4.38 0
6.77 5.5 8.25 6.97 3
7.03 6.52 7.83 7.45 17
4.95 6.09 6.35 7.38 17
5.73 5.17 7.07 6.41 17
5.01 3.77 4.08 3.11 17
8.6 7.69 7.48 6.73 16
5.65 4.41 6.72 5.33 12
7.01 5.88 8.45 7.38 2
8.99 7.84 10.27 9.14 14
7.07 5.58 6.65 5.14 12
7.11 5.72 6.18 4.7 15
7.01 7.03 6.21 5.96 17
5.35 5.73 4.99 5.77 9
4.02 4.4 3.46 3.36 0
5.66 5.99 5.8 5.74 16
5.4 5.47 6.15 6.54 17
7.53 7.25 6.02 5.82 0
6.4 6.7 5.06 5.45 11
4.33 4.48 3.4 3.53 17
7.93 7.69 7.56 7.11 16
6.95 5.55 6.59 5.39 12
4.38 4.2 4.41 4.74 0
8.57 7.73 7.55 6.62 2
9.78 8.34 8.37 6.9 9
9.17 7.65 8.41 6.89 9
4.97 5.71 5.05 5.39 10
6.03 5.96 6.67 6.89 9
5.79 6.47 4.77 5.58 0
4.04 5.48 2.57 4.05 14
4.18 5.69 3.23 4.64 11
4.53 4.37 4.8 5.08 0
6.19 5.71 5.25 5.11 11
7.37 8.89 5.96 7.5 17
5.48 5.97 6.55 6.83 17
4.8 4.44 5.34 4.56 0
5.22 5.53 6.27 6.83 16
9.15 9.08 9.14 8.86 13
6.39 6.56 6.11 6.52 13
9.2 8.39 10.53 9.64 14
9.08 8.49 8.97 8.2 18
6.25 4.9 6.12 5.02 16
7.23 6.76 8.19 7.52 16
7.1 7.08 8.37 8.24 16
7.42 6.23 6.52 5.18 16
6.23 5.72 7.74 7.18 2
9.42 8.1 10.17 8.8 8
5.66 6.36 6.28 7.24 3
5.22 5.29 5.4 5.02 17
5.63 4.97 5.15 4.13 7
5.16 6.02 5.59 6.69 8
4.43 4.97 5.02 5.16 18
5.86 5.23 6.25 5.33 12
4.49 5.33 5.54 6.22 12
5.95 5.5 7.06 6.82 1
6.27 5.35 6.05 4.92 1
7.21 6.17 7.55 6.58 4
5.62 5.79 6.42 6.53 1
11.91 11.01 11.93 11.2 19
7.45 7.29 7.7 7.3 6
5.37 5.26 3.86 3.84 16
4.67 6.1 3.64 5.15 5
4.67 3.64 6.1 5.15 5
4.65 6.08 4.32 5.67 13
4.23 5.28 4.88 6.16 12
5.29 5.09 5.48 5.59 11
5.73 5.23 5.08 4.48 0
7.06 5.56 7.07 5.62 17
10.85 9.55 10.34 9.12 19
5.31 4.02 4.07 2.69 11
8.12 7.22 6.64 5.82 14
8.24 6.92 7.35 6.16 13
8.27 7.02 7.06 5.71 1
5.37 4.39 4.95 3.79 2
5.1 3.6 3.72 2.3 0
7.83 8.71 6.74 7.56 12
6.69 5.69 6.31 5.54 17
6.77 6.02 6.7 6.26 11
8.2 6.78 8.14 6.84 13
6.94 6.4 5.71 5.0 14
4.82 5.41 6.12 6.67 17
8.12 6.9 7.41 6.38 17
5.6 5.96 6.32 6.82 17
5.81 6.2 5.56 5.79 17
4.58 4.37 3.81 3.18 0
5.39 6.11 5.18 6.17 1
5.36 5.03 5.97 5.74 17
7.37 6.38 6.61 5.71 11
3.85 4.89 2.76 3.81 5
3.85 2.76 4.89 3.81 5
5.27 6.72 3.87 5.35 9
5.88 5.09 5.12 4.46 11
4.81 6.04 5.69 7.02 2
4.1 5.15 4.04 4.72 12
7.93 7.12 6.63 5.71 19
5.2 4.15 4.78 3.43 14
4.58 4.02 3.15 2.51 16
6.86 7.08 5.67 5.85 13
4.51 4.24 3.66 3.72 14
4.44 5.79 2.99 4.42 10
5.15 4.7 4.34 4.16 8
5.95 6.33 7.44 7.83 0
10.98 9.46 11.19 9.71 8
8.17 7.21 9.45 8.39 4
7.51 6.22 8.32 7.1 15
4.68 3.75 4.68 3.66 11
5.91 6.73 6.19 7.28 7
7.76 6.88 6.26 5.43 13
7.02 6.24 6.18 5.16 9
4.81 5.38 4.86 4.97 19
11.34 10.07 10.26 8.94 4
8.2 6.72 6.89 5.42 0
7.02 6.97 6.44 6.1 7
5.94 7.13 5.8 7.19 2
4.33 4.66 4.69 4.68 12
7.22 6.01 6.01 4.74 16
5.19 5.01 6.06 5.51 10
6.77 5.73 8.17 7.21 16
6.98 5.83 7.29 6.15 12
6.05 4.81 5.88 4.73 11
5.91 5.3 5.09 4.53 0
5.69 4.31 4.58 3.14 13
6.6 6.98 6.19 6.83 12
4.73 4.9 4.75 5.37 15
3.79 4.5 2.94 3.22 0
5.93 4.96 6.65 5.94 16
5.17 4.33 5.54 4.45 0
5.98 4.7 5.71 4.6 18
5.44 4.4 5.55 4.65 16
6.18 5.78 5.9 5.35 7
7.91 7.3 7.43 6.71 7
7.94 7.33 8.98 8.51 18
5.67 5.23 4.18 3.87 16
6.66 7.69 5.36 6.47 0
6.48 4.98 5.54 4.09 17
6.27 5.17 5.87 4.78 16
7.45 6.12 7.57 6.19 15
6.28 6.86 5.9 6.35 8
10.73 9.44 10.2 8.81 8
6.86 5.5 7.53 6.04 17
7.82 7.64 8.98 8.84 18
6.08 5.13 5.38 4.23 9
7.54 6.37 7.01 5.7 9
10.79 10.78 9.9 9.72 19
9.91 9.16 10.7 9.78 14
6.89 7.24 5.92 6.22 15
4.22 3.57 2.98 2.76 11
4.5 5.2 3.24 4.2 11
7.13 8.04 5.73 6.58 7
7.58 6.28 7.95 6.75 6
7.53 6.44 6.54 5.49 1
8.15 7.67 7.83 7.6 10
5.53 4.3 4.72 3.29 15
5.14 5.2 4.71 5.22 17
5.43 4.18 4.07 2.73 11
5.64 5.67 5.08 5.45 11
8.91 7.69 8.16 7.11 19
10.5 9.34 9.71 8.43 14
5.49 5.84 4.33 4.51 4
4.1 3.16 3.21 2.83 5
4.1 3.21 3.16 2.83 5
5.36 5.68 3.91 4.43 8
8.8 9.47 7.28 7.98 12
8.52 7.13 7.27 5.85 10
5.11 4.57 3.86 3.49 10
10.15 8.93 11.09 9.82 3
7.65 7.43 6.31 6.21 10
5.61 6.59 5.64 6.84 15
6.37 4.88 5.08 3.66 5
6.37 5.08 4.88 3.66 5
6.7 6.2 5.84 5.24 4
9.23 8.44 10.37 9.7 14
4.83 5.23 5.98 6.07 18
3.78 3.87 4.88 5.26 2
8.02 6.63 7.45 6.02 2
4.2 3.6 3.43 2.9 13
4.05 4.47 3.66 4.57 0
7.19 7.26 5.92 6.21 18
5.46 5.71 6.37 6.36 9
4.55 4.93 5.17 5.79 15
10.29 9.26 11.32 10.24 6
9.67 9.1 9.51 8.86 4
5.09 3.59 3.77 2.25 5
5.09 3.77 3.59 2.25 5
7.13 7.24 5.86 6.18 4
6.65 7.53 5.63 6.59 0
9.65 8.59 8.87 7.76 10
8.2 7.89 8.91 8.68 6
5.81 6.46 6.87 7.71 0
4.99 5.02 5.78 5.41 17
11.75 10.68 10.57 9.61 19
5.95 5.8 4.95 4.63 4
8.37 7.33 9.53 8.43 13
5.79 6.43 5.41 6.35 4
11.8 11.16 10.79 10.15 4
6.41 5.92 5.64 5.24 16
9.31 7.87 8.75 7.32 2
5.75 4.38 4.86 3.4 11
5.65 4.13 4.79 3.3 4
9.2 7.87 8.11 6.73 8
9.17 8.16 8.43 7.47 6
5.94 6.71 6.41 7.38 0
4.29 4.07 5.28 4.74 15
8.75 8.43 7.25 6.98 18
6.16 5.6 5.67 4.84 4
6.11 6.6 5.9 6.72 0
5.78 5.7 5.04 4.62 9
5.12 4.64 6.42 6.08 7
5.84 5.52 5.91 5.83 9
5.28 6.07 4.35 4.95 3
4.86 3.93 4.65 3.36 0
5.04 5.43 4.07 4.18 12
6.38 7.06 5.7 6.13 5
6.38 5.7 7.06 6.13 5
9.67 9.75 10.78 10.99 14
6.62 5.33 6.55 5.25 12
7.59 6.99 9.06 8.5 3
11.66 10.34 11.82 10.57 14
5.64 6.25 5.53 6.32 0
4.96 4.82 3.9 3.52 16
6.16 7.6 5.01 6.36 2
4.45 4.58 3.68 4.31 12
6.56 7.08 5.08 5.73 8
4.67 3.66 4.98 4.25 12
5.83 6.46 6.23 7.13 9
9.15 9.57 8.82 9.02 8
5.74 4.64 5.29 3.94 8
6.83 6.29 7.79 7.33 7
4.96 5.56 5.89 6.15 7
7.22 6.59 6.97 6.32 16
8.25 8.04 7.31 6.9 10
6.84 5.39 7.69 6.22 8
5.29 5.8 5.0 5.68 4
4.91 6.27 3.67 5.02 11
6.23 5.01 5.92 4.61 2
8.1 6.94 7.51 6.24 15
8.12 7.14 6.88 5.8 3
6.86 5.7 8.0 6.73 6
5.55 5.54 6.51 6.76 8
4.11 4.97 4.19 5.06 7
5.91 7.16 4.93 6.23 15
10.91 9.56 9.89 8.6 14
10.51 10.4 9.94 10.0 18
10.31 9.97 9.3 9.02 6
4.72 4.94 5.25 5.43 15
5.67 5.2 5.07 4.71 1
5.72 6.84 4.34 5.55 19
3.8 2.68 2.62 1.72 5
3.8 2.62 2.68 1.72 5
6.55 7.93 5.95 7.17 11
6.68 6.61 5.47 5.54 16
11.75 10.6 12.1 10.91 19
8.69 7.5 7.31 6.05 3
4.96 3.67 4.09 3.11 14
5.18 6.7 3.72 5.23 9
5.08 6.26 3.97 5.27 12
4.48 3.66 3.91 3.43 0
5.31 4.07 4.8 3.92 0
7.64 6.64 8.93 7.85 14
7.55 6.12 8.92 7.46 3
7.27 6.79 6.69 6.42 9
9.75 8.25 9.26 7.78 8
8.95 7.78 7.56 6.48 2
6.92 7.72 5.41 6.29 2
4.48 3.97 3.53 2.83 9
3.84 4.7 3.39 4.09 8
7.53 6.12 7.54 6.21 2
6.09 4.86 5.72 4.29 14
6.78 6.29 7.26 6.98 11
9.99 8.62 10.01 8.63 13
8.29 6.83 7.18 5.75 14
6.65 5.25 7.75 6.38 11
9.18 8.36 10.38 9.66 4
7.05 5.69 5.88 4.64 11
7.38 5.94 7.94 6.43 11
7.39 8.54 6.01 7.09 18
5.56 6.16 6.0 6.87 4
5.13 5.14 5.09 4.65 18
5.43 6.21 5.69 6.77 14
4.15 4.93 4.27 4.61 16
9.85 9.26 9.0 8.24 18
5.63 5.23 4.74 4.08 14
5.2 5.92 4.87 5.94 16
4.44 4.68 4.19 4.04 13
5.87 5.14 7.25 6.41 8
6.3 5.82 7.81 7.25 16
6.87 6.3 8.14 7.39 3
4.26 4.99 3.27 4.03 17
5.81 7.22 4.36 5.73 15
6.56 6.29 5.73 5.77 8
6.22 5.27 5.69 5.03 4
6.25 5.28 7.27 6.29 17
8.49 7.85 7.38 6.58 4
4.66 3.91 3.84 2.93 6
5.32 6.43 4.86 6.2 2
7.14 7.03 6.29 6.08 9
9.27 8.62 10.35 9.81 19
8.33 7.87 9.26 8.81 18
6.05 4.9 7.17 6.04 12
9.37 8.52 9.08 8.18 14
7.16 5.79 7.27 5.79 19
8.4 7.41 7.1 6.25 19
8.86 7.45 9.38 8.08 2
5.79 5.89 7.11 7.0 19
9.4 8.77 9.18 8.38 19
5.9 6.54 6.99 7.47 15
7.13 5.75 8.61 7.25 3
4.89 3.89 6.35 5.33 3
7.7 6.59 9.07 8.0 17
5.18 5.44 4.69 4.7 8
4.58 4.86 5.23 5.75 4
4.63 5.74 5.12 5.9 19
5.06 5.25 5.82 6.33 9
6.17 5.93 6.58 6.11 18
8.01 7.72 7.91 7.35 19
4.82 5.41 5.82 6.19 12
6.36 6.13 7.81 7.64 4
7.51 7.83 7.39 7.44 8
4.63 4.39 3.86 3.61 4
6.38 7.61 5.03 6.18 2
9.13 7.76 7.71 6.4 17
6.8 6.3 5.72 5.21 4
7.05 5.92 8.23 7.22 2
12.18 11.19 13.32 12.42 14
9.69 8.97 9.61 9.11 14
5.79 5.44 7.21 6.72 7
5.05 4.81 6.52 6.17 17
5.22 4.82 3.9 3.45 8
4.95 5.72 4.64 5.59 9
5.51 5.92 6.17 6.23 17
6.98 6.25 6.41 5.43 17
6.04 5.14 4.82 3.9 17
4.23 5.45 3.66 4.7 16
5.62 5.37 5.98 6.04 3
8.47 7.72 9.66 8.86 3
5.22 4.45 6.04 5.1 3
8.32 6.83 7.45 5.94 15
6.88 7.45 6.1 6.75 11
6.61 5.62 6.59 5.91 12
9.99 9.03 10.02 8.94 19
6.25 5.84 7.49 7.2 2
5.22 3.88 5.58 4.21 0
5.04 4.51 6.22 5.87 16
5.94 4.55 5.45 4.31 16
5.54 5.76 5.88 5.93 6
7.62 7.28 6.46 6.02 6
5.92 5.74 6.58 6.69 19
4.88 5.75 4.74 5.56 0
6.56 7.05 6.56 6.81 18
7.93 7.59 6.81 6.52 15
11.7 10.34 13.11 11.71 14
11.6 10.78 10.55 9.7 4
9.82 8.98 8.93 7.93 10
7.0 5.88 5.49 4.38 5
7.0 5.49 5.88 4.38 5
7.5 8.02 6.32 6.99 7
8.48 7.24 7.5 6.33 1
8.89 7.65 8.29 7.22 4
8.8 8.02 7.29 6.54 4
8.46 7.08 8.49 7.02 11
6.69 6.06 5.45 4.93 11
10.7 10.55 10.25 9.91 19
6.97 5.88 8.33 7.26 2
7.25 6.36 8.18 7.4 13
8.59 8.39 8.08 7.82 19
8.79 7.93 8.49 7.76 10
7.09 6.24 6.45 5.35 9
4.35 4.68 4.38 4.2 15
5.64 4.94 4.95 4.28 16
6.85 5.96 6.05 5.45 8
5.82 6.62 7.07 7.86 0
5.19 4.18 6.71 5.66 5
5.19 6.71 4.18 5.66 5
6.19 6.77 5.76 6.48 14
4.94 4.64 3.68 3.3 1
6.16 7.35 4.96 6.27 7
7.6 6.92 7.88 6.94 13
7.26 7.21 7.94 7.62 11
6.01 6.85 5.59 6.37 3
5.16 4.22 4.32 3.51 14
5.09 4.55 5.07 4.99 11
7.25 6.78 8.19 7.58 15
6.17 4.86 5.88 4.52 7
7.79 6.65 8.11 7.17 11
6.84 5.54 7.13 6.0 1
6.95 5.91 6.95 5.95 0
7.13 6.18 5.87 4.91 3
9.36 9.18 7.89 7.68 2
7.34 7.03 7.95 7.89 13
6.66 6.43 7.45 6.98 7
8.76 7.99 8.57 7.57 13
5.51 5.04 5.48 5.38 14
6.31 5.51 5.37 4.4 4
7.14 6.62 6.6 6.09 9
6.26 5.57 7.78 7.06 19
10.14 9.55 10.53 10.11 19
7.94 6.76 7.55 6.41 4
5.68 6.31 6.09 6.93 16
4.87 4.64 4.46 3.82 19
6.31 6.22 5.93 5.59 9
5.61 5.79 5.8 6.35 2
4.34 4.69 3.82 3.71 7
6.74 6.77 6.53 6.22 4
5.59 6.19 6.04 6.94 7
4.6 5.3 5.05 5.35 14
5.68 7.2 5.36 6.82 9
5.28 4.17 5.06 4.14 0
7.76 7.03 7.19 6.28 13
4.71 5.66 5.63 6.61 14
5.53 5.27 6.85 6.49 13
6.72 7.17 8.24 8.67 19
8.88 8.43 9.81 9.15 19
6.76 5.55 6.32 4.99 16
5.31 4.42 4.41 3.53 13
5.31 6.52 4.45 5.52 9
4.11 5.49 4.08 5.59 12
5.66 7.16 5.06 6.53 0
5.24 6.0 3.89 4.52 3
5.29 5.81 4.13 4.91 14
8.11 8.19 8.66 8.94 4
12.21 11.25 12.02 11.0 19
5.74 4.83 4.23 3.33 9
7.62 6.49 6.72 5.73 7
6.68 7.02 5.79 6.05 19
6.27 5.66 5.23 4.89 6
5.52 4.69 4.04 3.2 19
9.04 8.18 8.78 8.15 19
8.51 7.99 8.0 7.73 14
6.76 5.46 5.42 4.23 13
7.76 6.34 7.23 5.84 9
7.56 6.53 8.48 7.63 17
6.67 6.13 5.86 5.15 13
5.23 4.92 4.48 4.14 15
4.63 4.16 3.4 3.25 15
5.21 4.65 3.76 3.44 17
8.44 7.09 7.53 6.32 9
4.76 5.39 5.6 5.9 19
6.27 6.13 7.63 7.6 12
10.49 10.16 9.21 8.77 14
3.49 4.28 3.87 4.21 0
5.14 5.32 6.36 6.72 17
7.93 8.56 6.51 7.17 9
8.07 6.81 7.24 5.88 16
7.27 6.57 8.76 8.08 7
6.09 4.86 6.83 5.6 11
7.29 6.62 6.47 5.91 1
7.12 8.08 5.83 6.67 11
9.84 8.63 9.84 8.75 4
8.89 7.62 8.16 6.76 7
8.75 7.9 8.19 7.14 15
6.65 6.22 5.59 5.46 13
4.59 4.61 4.4 4.28 13
8.5 7.08 7.19 5.72 4
8.85 7.93 8.41 7.38 4
4.96 3.96 5.3 4.62 11
8.8 8.68 7.97 8.01 11
4.96 4.95 4.38 3.94 6
8.36 6.85 8.21 6.77 10
8.68 7.57 7.16 6.09 3
9.64 8.63 8.53 7.57 19
4.7 4.31 3.52 2.9 3
5.55 4.66 4.98 4.47 5
5.55 4.98 4.66 4.47 5
6.93 6.54 5.98 5.61 6
6.15 6.3 5.09 5.11 7
7.67 6.34 7.37 5.94 18
7.13 7.79 5.76 6.56 3
4.84 5.88 3.86 5.11 9
8.0 7.05 8.89 7.87 6
6.94 5.86 8.35 7.17 2
9.05 7.95 9.53 8.29 19
8.5 7.23 8.08 6.96 14
9.8 9.24 10.55 10.12 19
8.01 7.16 7.58 6.5 9
6.51 4.99 5.13 3.62 11
7.78 6.37 6.61 5.28 0
7.96 6.69 7.1 5.98 0
8.8 7.98 10.24 9.36 6
9.79 9.22 11.23 10.72 6
9.12 7.65 8.55 7.03 10
6.42 5.31 4.95 3.94 8
7.26 6.94 8.58 8.13 14
5.81 6.53 7.19 7.98 9
4.56 4.29 5.39 4.78 7
4.82 4.47 4.21 3.45 11
5.96 6.06 7.33 7.31 5
5.96 7.33 6.06 7.31 5
5.17 6.12 6.15 6.85 0
10.48 9.31 11.29 10.01 14
5.38 3.87 4.34 2.95 0
4.88 4.56 4.32 4.4 15
4.88 4.31 3.46 3.02 9
3.84 3.83 5.36 5.22 0
5.25 4.49 6.54 5.65 8
5.74 4.88 4.36 3.7 7
6.55 7.13 5.09 5.74 8
4.58 3.76 3.75 3.33 2
6.42 7.71 5.73 6.83 16
7.85 8.13 7.84 8.26 13
10.28 9.52 9.08 8.25 8
5.87 5.55 4.9 4.43 7
4.83 6.14 4.79 6.11 15
4.89 6.28 5.52 6.74 0
5.24 5.97 6.17 7.12 8
5.36 5.04 5.09 4.4 11
6.86 6.43 5.79 5.64 0
6.89 8.34 5.43 6.86 17
6.22 5.37 5.13 4.49 0
7.38 7.16 6.64 6.56 17
5.74 6.91 4.73 5.78 16
3.71 4.48 2.63 3.77 8
6.61 7.97 5.14 6.51 15
6.32 4.95 6.39 5.14 5
6.32 6.39 4.95 5.14 5
6.03 5.33 6.38 5.96 5
6.03 6.38 5.33 5.96 5
4.42 4.4 3.14 2.89 2
6.91 7.8 5.91 6.62 14
6.02 5.92 6.69 6.88 15
5.13 5.12 5.57 5.13 5
5.13 5.57 5.12 5.13 5
9.21 7.83 10.24 8.91 14
3.91 5.2 4.16 5.61 19
6.01 7.4 5.36 6.84 13
7.29 8.68 5.97 7.43 2
6.03 4.92 4.8 3.79 16
5.63 6.22 4.49 5.12 19
4.95 5.44 3.55 4.29 17
5.09 4.8 3.93 3.64 17
5.18 5.54 4.08 4.48 15
4.04 5.47 3.53 5.06 15
6.38 6.18 7.72 7.53 2
4.71 4.71 5.88 5.55 5
4.71 5.88 4.71 5.55 5
5.35 5.18 6.81 6.5 5
5.35 6.81 5.18 6.5 5
5.84 5.57 7.07 6.66 16
6.24 7.5 5.76 7.18 14
9.18 7.71 8.69 7.29 14
7.51 7.04 6.45 5.78 15
5.62 6.79 6.61 7.64 15
5.57 4.72 7.01 6.21 14
10.89 9.88 11.21 10.28 19
4.73 5.1 3.27 3.82 16
4.28 4.85 3.76 4.62 17
8.45 8.11 7.45 6.93 4
5.04 6.15 6.37 7.36 12
5.08 4.55 6.5 5.92 15
8.53 7.83 8.82 8.22 9
7.73 6.47 9.18 7.87 18
9.07 7.65 10.51 9.11 13
5.84 6.5 6.86 7.58 5
5.84 6.86 6.5 7.58 5
7.32 7.72 7.66 7.98 9
4.46 5.18 5.82 6.61 16
8.47 7.22 7.96 6.88 14
7.88 7.02 7.67 6.57 17
4.99 5.25 5.6 5.45 19
4.44 4.78 4.34 4.17 19
5.4 4.79 6.75 6.18 19
6.33 6.32 6.79 7.02 9
5.67 5.79 6.36 6.29 9
4.39 4.37 4.43 3.92 16
5.46 6.33 5.43 6.58 0
7.43 8.53 5.92 7.01 0
6.83 5.81 5.66 4.53 12
7.54 7.34 6.72 6.26 12
4.41 3.74 3.15 2.74 12
4.44 5.96 3.91 5.34 15
5.43 4.18 4.56 3.22 16
4.2 3.91 4.8 4.69 16
6.75 7.13 5.26 5.64 5
6.75 5.26 7.13 5.64 5
4.93 4.27 3.63 3.26 13
6.25 7.27 5.46 6.4 16
9.01 7.93 7.85 6.84 14
5.78 6.15 7.21 7.61 7
5.84 5.81 6.71 6.46 19
5.28 6.47 5.79 6.76 5
5.28 5.79 6.47 6.76 5
5.09 6.46 4.62 5.95 18
6.1 5.35 4.8 3.93 2
5.66 5.1 7.06 6.44 9
7.04 5.57 5.55 4.12 16
10.51 9.8 9.52 8.99 4
5.3 5.52 5.83 5.67 18
7.64 6.66 6.42 5.62 4
5.69 5.71 4.67 5.06 12
6.8 7.19 5.65 5.92 18
6.96 6.41 5.55 4.98 6
7.61 7.6 6.62 6.88 16
6.57 6.57 5.42 5.54 8
5.68 4.42 4.37 3.07 0
5.92 5.39 6.5 5.62 15
5.9 5.49 6.74 6.56 14
7.8 8.01 7.96 7.96 4
5.2 5.26 4.14 4.12 15
4.98 5.57 3.76 4.65 10
4.76 4.12 3.91 3.26 10
5.61 6.82 4.62 5.74 2
4.66 6.09 3.92 5.25 2
3.97 4.87 3.82 5.08 11
6.52 7.53 5.6 6.43 6
5.06 4.38 4.03 3.2 7
10.22 9.08 10.67 9.53 3
8.15 7.71 7.93 7.32 16
7.53 6.89 6.28 5.49 2
6.62 5.86 5.96 5.31 14
5.84 6.53 6.97 7.8 16
5.34 5.41 5.85 5.55 7
7.84 7.32 7.5 6.74 4
11.43 9.94 11.72 10.29 14
5.2 4.85 4.21 4.14 12
4.86 5.48 3.34 4.02 7
5.45 6.1 4.52 5.32 0
4.96 4.69 5.82 5.24 11
5.94 7.38 6.73 8.23 18
6.86 6.18 6.8 5.87 8
8.49 7.53 9.49 8.37 8
5.78 5.19 5.04 4.17 9
8.27 7.39 7.27 6.59 16
8.27 6.9 7.06 5.62 6
8.27 7.39 8.06 7.4 9
8.83 8.2 7.65 7.16 17
8.53 7.27 7.57 6.3 8
8.48 7.54 7.78 6.8 8
7.24 7.07 7.15 6.8 11
6.27 5.94 7.0 6.41 14
6.86 5.5 7.43 6.24 3
5.14 4.26 4.66 3.55 17
8.21 7.78 7.56 6.89 17
5.92 6.57 5.03 5.44 0
4.99 4.58 4.3 4.36 1
6.93 7.88 5.99 6.74 7
9.99 9.22 8.59 7.76 7
11.02 9.99 10.31 9.33 6
7.16 6.42 6.51 5.58 15
8.36 6.9 8.53 7.0 7
7.96 6.6 9.2 7.89 8
7.42 6.7 8.9 8.08 17
5.71 5.54 7.17 6.86 17
7.94 6.45 9.23 7.71 13
5.28 5.85 4.79 5.57 19
4.55 4.69 3.15 3.21 3
5.73 7.07 4.68 6.1 0
6.11 5.66 5.06 4.87 17
7.89 7.1 6.97 6.02 8
6.75 6.33 6.09 5.41 0
6.14 6.85 5.99 7.0 19
4.54 5.01 4.26 4.31 3
5.82 6.07 5.18 5.65 3
5.29 5.05 3.9 3.54 0
6.45 7.91 5.57 7.06 17
4.74 3.8 4.09 2.99 0
8.12 7.84 8.08 7.53 7
4.99 5.3 5.28 5.6 7
8.3 7.91 6.95 6.48 7
7.21 6.9 8.42 8.24 15
7.44 6.12 8.91 7.6 15
5.96 6.38 5.48 6.22 17
7.15 6.8 6.14 5.72 0
7.85 7.12 9.07 8.32 14
4.73 4.74 5.18 4.82 9
5.74 5.98 6.13 6.55 4
4.62 4.32 4.06 3.37 9
5.97 7.05 5.73 7.02 17
5.28 4.35 4.18 3.19 3
5.08 4.08 4.7 3.45 2
5.1 5.22 5.71 5.91 7
6.31 6.04 7.63 7.18 19
6.35 5.41 6.53 5.32 16
7.17 6.0 6.56 5.2 17
8.58 8.28 7.93 7.89 4
6.59 5.85 5.29 4.78 9
10.35 8.82 10.86 9.35 8
5.79 5.11 5.73 5.41 17
5.16 5.66 4.16 4.63 0
6.5 6.16 5.44 5.39 5
6.5 5.44 6.16 5.39 5
9.11 8.12 8.41 7.63 14
9.56 8.3 8.13 6.85 17
8.12 6.63 9.45 7.95 17
6.65 5.57 6.99 6.02 19
5.55 5.55 6.88 7.01 15
5.75 5.41 6.84 6.21 1
5.7 5.57 6.61 6.71 11
5.63 5.06 5.75 4.8 1
5.41 4.49 5.95 4.74 2
6.7 5.82 7.31 6.27 14
6.25 5.52 7.5 6.89 13
10.86 9.48 10.09 8.66 8
5.55 5.5 6.64 6.82 14
5.61 5.31 6.26 5.59 19
9.53 9.16 8.38 7.93 3
6.09 5.24 5.14 4.6 19
6.55 5.67 6.16 5.11 11
8.81 7.82 9.56 8.56 19
9.49 8.08 10.47 9.14 8
5.17 4.56 4.08 3.74 17
7.7 6.31 6.93 5.56 9
11.22 10.92 10.4 10.14 19
8.77 8.41 7.61 7.12 11
10.48 9.34 8.99 7.83 11
6.04 4.76 7.47 6.11 15
8.81 7.72 10.2 9.05 11
5.54 5.97 7.05 7.4 4
5.03 6.07 6.23 7.25 15
4.96 5.73 5.24 5.8 2
5.15 4.08 5.55 4.72 12
5.28 6.0 4.98 5.84 10
4.56 4.41 3.26 3.09 11
7.37 6.96 7.5 6.86 11
4.99 4.37 5.73 5.43 0
4.45 5.64 4.23 5.08 2
4.11 4.15 4.02 3.77 0
7.14 5.88 7.93 6.79 1
6.55 5.22 5.41 4.24 19
9.24 7.81 8.34 6.83 7
8.14 7.11 8.69 7.76 1
8.47 7.53 9.8 8.76 1
7.66 6.55 8.29 7.01 1
9.09 7.94 8.44 7.15 3
6.97 5.69 5.97 4.66 3
6.97 5.7 7.36 6.25 17
7.03 6.64 6.57 6.49 14
9.61 9.03 10.45 10.04 14
4.77 3.59 4.42 3.17 0
5.53 6.16 5.23 6.18 9
6.05 5.27 7.1 6.08 5
6.05 7.1 5.27 6.08 5
7.66 6.15 8.84 7.37 9
6.43 5.02 7.73 6.39 1
5.57 4.8 6.9 5.95 17
5.13 5.1 6.61 6.54 1
6.42 6.08 6.53 5.95 12
5.59 6.29 6.27 7.12 12
4.9 6.3 5.27 6.75 1
4.9 5.26 4.63 4.73 1
6.45 5.08 7.61 6.35 1
4.38 4.68 3.62 4.38 9
5.86 7.37 4.75 6.27 10
6.55 7.82 5.04 6.3 6
3.97 4.81 2.74 3.77 5
3.97 2.74 4.81 3.77 5
6.28 7.5 5.34 6.41 13
5.45 4.56 5.38 4.8 5
5.45 5.38 4.56 4.8 5
6.33 5.43 5.65 4.81 16
5.85 6.35 5.95 6.1 3
5.43 4.62 6.06 5.49 9
5.82 5.63 4.66 4.33 1
5.14 6.26 4.37 5.71 19
4.29 5.44 4.27 5.29 12
5.94 6.01 6.75 7.08 12
6.24 5.67 6.52 6.13 16
5.2 5.71 4.61 4.79 9
5.28 4.47 5.35 4.44 12
6.91 5.7 6.75 5.46 9
9.23 8.72 8.86 8.12 4
5.2 5.08 4.89 5.04 0
6.26 5.95 5.08 4.56 12
7.54 6.17 6.88 5.64 12
8.97 8.33 8.54 7.95 11
8.26 8.55 8.98 9.29 8
9.19 7.81 9.33 7.93 3
7.77 6.27 6.85 5.43 9
9.06 8.05 7.57 6.59 9
5.38 4.23 6.5 5.35 9
7.58 6.44 6.9 5.63 19
10.62 9.65 11.87 10.81 19
8.41 7.94 7.37 6.92 19
6.74 6.25 5.57 4.88 17
6.72 7.13 5.34 5.87 17
6.82 5.32 5.55 4.07 1
10.05 8.68 11.47 10.12 13
7.3 6.76 6.79 6.08 17
5.41 5.63 6.04 6.58 3
7.06 6.9 7.35 6.88 4
5.83 6.49 6.69 7.57 11
4.27 4.54 4.85 4.63 5
4.27 4.85 4.54 4.63 5
8.82 9.21 8.88 9.11 19
7.19 7.23 7.1 7.12 11
5.84 6.79 6.19 6.88 9
5.01 4.16 4.87 3.71 8
5.47 5.61 6.18 6.63 15
5.51 6.01 5.69 5.81 9
6.11 7.25 5.69 6.75 16
5.11 5.54 5.0 5.12 15
4.92 4.36 4.59 4.22 16
6.19 5.79 4.97 4.38 0
6.77 5.5 8.25 6.97 3
7.03 6.52 7.83 7.45 17
4.95 6.09 6.35 7.38 17
5.73 5.17 7.07 6.41 17
5.01 3.77 4.08 3.11 17
8.6 7.69 7.48 6.73 16
5.65 4.41 6.72 5.33 12
7.01 5.88 8.45 7.38 2
8.99 7.84 10.27 9.14 14
7.07 5.58 6.65 5.14 12
7.11 5.72 6.18 4.7 15
7.01 7.03 6.21 5.96 17
5.35 5.73 4.99 5.77 9
4.02 4.4 3.46 3.36 0
5.66 5.99 5.8 5.74 16
5.4 5.47 6.15 6.54 17
7.53 7.25 6.02 5.82 0
6.4 6.7 5.06 5.45 11
4.33 4.48 3.4 3.53 17
7.93 7.69 7.56 7.11 16
6.95 5.55 6.59 5.39 12
4.38 4.2 4.41 4.74 0
8.57 7.73 7.55 6.62 2
9.78 8.34 8.37 6.9 9
9.17 7.65 8.41 6.89 9
4.97 5.71 5.05 5.39 10
6.03 5.96 6.67 6.89 9
5.79 6.47 4.77 5.58 0
4.04 5.48 2.57 4.05 14
4.18 5.69 3.23 4.64 11
4.53 4.37 4.8 5.08 0
6.19 5.71 5.25 5.11 11
7.37 8.89 5.96 7.5 17
5.48 5.97 6.55 6.83 17
4.8 4.44 5.34 4.56 0
5.22 5.53 6.27 6.83 16
9.15 9.08 9.14 8.86 13
6.39 6.56 6.11 6.52 13
9.2 8.39 10.53 9.64 14
9.08 8.49 8.97 8.2 18
6.25 4.9 6.12 5.02 16
7.23 6.76 8.19 7.52 16
7.1 7.08 8.37 8.24 16
7.42 6.23 6.52 5.18 16
6.23 5.72 7.74 7.18 2
9.42 8.1 10.17 8.8 8
5.66 6.36 6.28 7.24 3
5.22 5.29 5.4 5.02 17
5.63 4.97 5.15 4.13 7
5.16 6.02 5.59 6.69 8
4.43 4.97 5.02 5.16 18
5.86 5.23 6.25 5.33 12
4.49 5.33 5.54 6.22 12
5.95 5.5 7.06 6.82 1
6.27 5.35 6.05 4.92 1
7.21 6.17 7.55 6.58 4
5.62 5.79 6.42 6.53 1
11.91 11.01 11.93 11.2 19
7.45 7.29 7.7 7.3 6
5.37 5.26 3.86 3.84 16
4.67 6.1 3.64 5.15 5
4.67 3.64 6.1 5.15 5
4.65 6.08 4.32 5.67 13
4.23 5.28 4.88 6.16 12
5.29 5.09 5.48 5.59 11
5.73 5.23 5.08 4.48 0
7.06 5.56 7.07 5.62 17
10.85 9.55 10.34 9.12 19
5.31 4.02 4.07 2.69 11
8.12 7.22 6.64 5.82 14
8.24 6.92 7.35 6.16 13
8.27 7.02 7.06 5.71 1
5.37 4.39 4.95 3.79 2
5.1 3.6 3.72 2.3 0
7.83 8.71 6.74 7.56 12
6.69 5.69 6.31 5.54 17
6.77 6.02 6.7 6.26 11
8.2 6.78 8.14 6.84 13
6.94 6.4 5.71 5.0 14
4.82 5.41 6.12 6.67 17
8.12 6.9 7.41 6.38 17
5.6 5.96 6.32 6.82 17
5.81 6.2 5.56 5.79 17
4.58 4.37 3.81 3.18 0
5.39 6.11 5.18 6.17 1
5.36 5.03 5.97 5.74 17
7.37 6.38 6.61 5.71 11
3.85 4.89 2.76 3.81 5
3.85 2.76 4.89 3.81 5
5.27 6.72 3.87 5.35 9
5.88 5.09 5.12 4.46 11
4.81 6.04 5.69 7.02 2
4.1 5.15 4.04 4.72 12
7.93 7.12 6.63 5.71 19
5.2 4.15 4.78 3.43 14
4.58 4.02 3.15 2.51 16
6.86 7.08 5.67 5.85 13
4.51 4.24 3.66 3.72 14
4.44 5.79 2.99 4.42 10
5.15 4.7 4.34 4.16 8
5.95 6.33 7.44 7.83 0
10.98 9.46 11.19 9.71 8
8.17 7.21 9.45 8.39 4
7.51 6.22 8.32 7.1 15
4.68 3.75 4.68 3.66 11
5.91 6.73 6.19 7.28 7
7.76 6.88 6.26 5.43 13
7.02 6.24 6.18 5.16 9
4.81 5.38 4.86 4.97 19
11.34 10.07 10.26 8.94 4
8.2 6.72 6.89 5.42 0
7.02 6.97 6.44 6.1 7
5.94 7.13 5.8 7.19 2
4.33 4.66 4.69 4.68 12
7.22 6.01 6.01 4.74 16
5.19 5.01 6.06 5.51 10
6.77 5.73 8.17 7.21 16
6.98 5.83 7.29 6.15 12
6.05 4.81 5.88 4.73 11
5.91 5.3 5.09 4.53 0
5.69 4.31 4.58 3.14 13
6.6 6.98 6.19 6.83 12
4.73 4.9 4.75 5.37 15
3.79 4.5 2.94 3.22 0
5.93 4.96 6.65 5.94 16
5.17 4.33 5.54 4.45 0
5.98 4.7 5.71 4.6 18
5.44 4.4 5.55 4.65 16
6.18 5.78 5.9 5.35 7
7.91 7.3 7.43 6.71 7
7.94 7.33 8.98 8.51 18
5.67 5.23 4.18 3.87 16
6.66 7.69 5.36 6.47 0
6.48 4.98 5.54 4.09 17
6.27 5.17 5.87 4.78 16
7.45 6.12 7.57 6.19 15
6.28 6.86 5.9 6.35 8
10.73 9.44 10.2 8.81 8
6.86 5.5 7.53 6.04 17
7.82 7.64 8.98 8.84 18
6.08 5.13 5.38 4.23 9
7.54 6.37 7.01 5.7 9
10.79 10.78 9.9 9.72 19
9.91 9.16 10.7 9.78 14
6.89 7.24 5.92 6.22 15
4.22 3.57 2.98 2.76 11
4.5 5.2 3.24 4.2 11
7.13 8.04 5.73 6.58 7
7.58 6.28 7.95 6.75 6
7.53 6.44 6.54 5.49 1
8.15 7.67 7.83 7.6 10
5.53 4.3 4.72 3.29 15
5.14 5.2 4.71 5.22 17
5.43 4.18 4.07 2.73 11
5.64 5.67 5.08 5.45 11
8.91 7.69 8.16 7.11 19
10.5 9.34 9.71 8.43 14
5.49 5.84 4.33 4.51 4
4.1 3.16 3.21 2.83 5
4.1 3.21 3.16 2.83 5
5.36 5.68 3.91 4.43 8
8.8 9.47 7.28 7.98 12
8.52 7.13 7.27 5.85 10
5.11 4.57 3.86 3.49 10
10.15 8.93 11.09 9.82 3
7.65 7.43 6.31 6.21 10
5.61 6.59 5.64 6.84 15
6.37 4.88 5.08 3.66 5
6.37 5.08 4.88 3.66 5
6.7 6.2 5.84 5.24 4
9.23 8.44 10.37 9.7 14
4.83 5.23 5.98 6.07 18
3.78 3.87 4.88 5.26 2
8.02 6.63 7.45 6.02 2
4.2 3.6 3.43 2.9 13
4.05 4.47 3.66 4.57 0
7.19 7.26 5.92 6.21 18
5.46 5.71 6.37 6.36 9
4.55 4.93 5.17 5.79 15
10.29 9.26 11.32 10.24 6
9.67 9.1 9.51 8.86 4
5.09 3.59 3.77 2.25 5
5.09 3.77 3.59 2.25 5
7.13 7.24 5.86 6.18 4
6.65 7.53 5.63 6.59 0
9.65 8.59 8.87 7.76 10
8.2 7.89 8.91 8.68 6
5.81 6.46 6.87 7.71 0
4.99 5.02 5.78 5.41 17
11.75 10.68 10.57 9.61 19
5.95 5.8 4.95 4.63 4
8.37 7.33 9.53 8.43 13
5.79 6.43 5.41 6.35 4
11.8 11.16 10.79 10.15 4
6.41 5.92 5.64 5.24 16
9.31 7.87 8.75 7.32 2
5.75 4.38 4.86 3.4 11
5.65 4.13 4.79 3.3 4
9.2 7.87 8.11 6.73 8
9.17 8.16 8.43 7.47 6
5.94 6.71 6.41 7.38 0
4.29 4.07 5.28 4.74 15
8.75 8.43 7.25 6.98 18
6.16 5.6 5.67 4.84 4
6.11 6.6 5.9 6.72 0
5.78 5.7 5.04 4.62 9
5.12 4.64 6.42 6.08 7
5.84 5.52 5.91 5.83 9
5.28 6.07 4.35 4.95 3
4.86 3.93 4.65 3.36 0
5.04 5.43 4.07 4.18 12
6.38 7.06 5.7 6.13 5
6.38 5.7 7.06 6.13 5
9.67 9.75 10.78 10.99 14
6.62 5.33 6.55 5.25 12
7.59 6.99 9.06 8.5 3
11.66 10.34 11.82 10.57 14
5.64 6.25 5.53 6.32 0
4.96 4.82 3.9 3.52 16
6.16 7.6 5.01 6.36 2
4.45 4.58 3.68 4.31 12
6.56 7.08 5.08 5.73 8
4.67 3.66 4.98 4.25 12
5.83 6.46 6.23 7.13 9
9.15 9.57 8.82 9.02 8
5.74 4.64 5.29 3.94 8
6.83 6.29 7.79 7.33 7
4.96 5.56 5.89 6.15 7
7.22 6.59 6.97 6.32 16
8.25 8.04 7.31 6.9 10
6.84 5.39 7.69 6.22 8
5.29 5.8 5.0 5.68 4
4.91 6.27 3.67 5.02 11
6.23 5.01 5.92 4.61 2
8.1 6.94 7.51 6.24 15
8.12 7.14 6.88 5.8 3
6.86 5.7 8.0 6.73 6
5.55 5.54 6.51 6.76 8
4.11 4.97 4.19 5.06 7
5.91 7.16 4.93 6.23 15
10.91 9.56 9.89 8.6 14
10.51 10.4 9.94 10.0 18
10.31 9.97 9.3 9.02 6
4.72 4.94 5.25 5.43 15
5.67 5.2 5.07 4.71 1
5.72 6.84 4.34 5.55 19
3.8 2.68 2.62 1.72 5
3.8 2.62 2.68 1.72 5
6.55 7.93 5.95 7.17 11
6.68 6.61 5.47 5.54 16
11.75 10.6 12.1 10.91 19
8.69 7.5 7.31 6.05 3
4.96 3.67 4.09 3.11 14
5.18 6.7 3.72 5.23 9
5.08 6.26 3.97 5.27 12
4.48 3.66 3.91 3.43 0
5.31 4.07 4.8 3.92 0
7.64 6.64 8.93 7.85 14
7.55 6.12 8.92 7.46 3
7.27 6.79 6.69 6.42 9
9.75 8.25 9.26 7.78 8
8.95 7.78 7.56 6.48 2
6.92 7.72 5.41 6.29 2
4.48 3.97 3.53 2.83 9
3.84 4.7 3.39 4.09 8
7.53 6.12 7.54 6.21 2
6.09 4.86 5.72 4.29 14
6.78 6.29 7.26 6.98 11
9.99 8.62 10.01 8.63 13
8.29 6.83 7.18 5.75 14
6.65 5.25 7.75 6.38 11
9.18 8.36 10.38 9.66 4
7.05 5.69 5.88 4.64 11
7.38 5.94 7.94 6.43 11
7.39 8.54 6.01 7.09 18
5.56 6.16 6.0 6.87 4
5.13 5.14 5.09 4.65 18
5.43 6.21 5.69 6.77 14
4.15 4.93 4.27 4.61 16
9.85 9.26 9.0 8.24 18
5.63 5.23 4.74 4.08 14
5.2 5.92 4.87 5.94 16
4.44 4.68 4.19 4.04 13
5.87 5.14 7.25 6.41 8
6.3 5.82 7.81 7.25 16
6.87 6.3 8.14 7.39 3
4.26 4.99 3.27 4.03 17
5.81 7.22 4.36 5.73 15
6.56 6.29 5.73 5.77 8
6.22 5.27 5.69 5.03 4
6.25 5.28 7.27 6.29 17
8.49 7.85 7.38 6.58 4
4.66 3.91 3.84 2.93 6
5.32 6.43 4.86 6.2 2
7.14 7.03 6.29 6.08 9
9.27 8.62 10.35 9.81 19
8.33 7.87 9.26 8.81 18
6.05 4.9 7.17 6.04 12
9.37 8.52 9.08 8.18 14
7.16 5.79 7.27 5.79 19
8.4 7.41 7.1 6.25 19
8.86 7.45 9.38 8.08 2
5.79 5.89 7.11 7.0 19
9.4 8.77 9.18 8.38 19
5.9 6.54 6.99 7.47 15
7.13 5.75 8.61 7.25 3
4.89 3.89 6.35 5.33 3
7.7 6.59 9.07 8.0 17
5.18 5.44 4.69 4.7 8
4.58 4.86 5.23 5.75 4
4.63 5.74 5.12 5.9 19
5.06 5.25 5.82 6.33 9
6.17 5.93 6.58 6.11 18
8.01 7.72 7.91 7.35 19
4.82 5.41 5.82 6.19 12
6.36 6.13 7.81 7.64 4
7.51 7.83 7.39 7.44 8
4.63 4.39 3.86 3.61 4
6.38 7.61 5.03 6.18 2
9.13 7.76 7.71 6.4 17
6.8 6.3 5.72 5.21 4
7.05 5.92 8.23 7.22 2
12.18 11.19 13.32 12.42 14
9.69 8.97 9.61 9.11 14
5.79 5.44 7.21 6.72 7
5.05 4.81 6.52 6.17 17
5.22 4.82 3.9 3.45 8
4.95 5.72 4.64 5.59 9
