6.25 5.78 5.56 5.46 6.61 6.61 7.9 7.78 19
5.41 6.8 4.02 5.34 4.34 5.5 5.78 6.86 2
5.28 5.35 4.47 4.44 3.99 3.5 5.28 4.62 5
7.77 7.05 8.93 8.03 8.69 7.67 8.26 7.4 3
7.02 7.14 5.63 5.94 6.11 6.74 7.59 8.14 4
6.26 5.08 5.95 4.56 4.54 3.12 3.83 2.68 5
7.54 6.88 6.17 5.64 5.47 4.65 6.42 5.39 5
7.55 8.57 7.94 9.08 6.91 8.05 5.57 6.77 9
4.83 5.13 6.05 6.17 7.2 7.34 6.98 7.03 14
6.27 4.95 5.69 4.25 7.01 5.56 8.07 6.61 16
9.5 8.1 9.15 7.66 8.42 6.96 7.46 6.09 8
7.15 5.93 7.5 6.28 7.37 6.01 7.9 6.44 7
8.33 7.55 8.98 8.03 9.17 8.05 9.3 8.27 11
6.11 5.13 7.48 6.49 7.49 6.68 6.5 5.93 15
6.39 6.11 5.55 5.56 6.21 6.14 6.48 6.05 9
8.34 7.35 6.89 5.86 6.44 5.35 7.71 6.51 7
6.58 6.22 6.21 5.88 5.38 4.78 6.14 5.26 9
6.13 5.33 4.76 3.93 5.36 4.36 6.57 5.4 0
5.76 6.73 5.14 6.17 6.46 7.44 7.48 8.57 7
4.87 5.09 5.27 5.48 6.73 6.84 7.05 6.93 19
9.83 8.78 9.29 8.18 8.21 6.99 7.63 6.5 4
4.78 3.77 4.97 4.32 4.94 4.25 5.48 4.42 16
6.29 7.72 5.5 6.91 4.91 6.4 5.99 7.51 9
6.98 6.18 6.02 5.37 4.72 3.93 5.37 4.22 17
6.86 5.57 5.95 4.86 5.8 4.71 5.87 4.55 17
7.39 8.63 5.98 7.17 5.46 6.81 6.25 7.7 17
6.63 6.27 5.32 5.22 4.36 3.97 5.43 4.76 6
5.65 6.72 4.41 5.33 4.87 5.52 6.35 7.01 5
5.43 6.64 4.84 6.23 4.73 6.19 5.86 7.23 14
4.17 5.26 4.59 5.67 4.19 4.95 4.27 4.74 2
5.23 5.39 6.29 6.32 6.72 7.03 6.67 7.22 2
5.89 5.37 7.38 6.9 7.72 7.4 6.94 6.56 4
7.8 7.46 6.67 6.56 6.4 6.19 7.15 6.62 17
7.07 6.65 5.58 5.14 5.17 5.14 6.44 6.53 5
6.39 7.1 5.28 6.19 4.0 4.8 4.71 5.1 9
7.59 7.45 7.6 7.17 8.79 8.24 9.76 9.38 13
5.69 4.99 6.93 6.2 7.61 6.62 7.53 6.48 14
8.68 7.53 9.19 7.95 9.7 8.34 10.29 8.96 3
7.3 6.82 6.79 6.14 5.95 5.56 5.29 5.16 11
6.86 7.61 6.87 7.87 5.71 6.85 4.55 5.53 17
8.45 7.92 7.63 6.97 6.19 5.62 6.27 5.74 16
6.95 6.59 5.55 5.39 4.7 4.22 5.65 4.86 5
5.21 5.56 3.82 4.44 3.86 4.46 5.35 5.92 3
6.21 4.71 5.07 3.6 5.84 4.52 6.74 5.43 0
9.25 8.48 9.03 8.31 8.69 7.78 7.95 6.91 14
9.44 7.92 9.29 7.83 7.86 6.43 7.27 5.78 11
6.37 5.42 7.75 6.8 8.2 7.48 7.11 6.61 0
9.48 9.03 10.05 9.4 9.0 8.26 7.72 7.01 9
13.57 12.56 12.06 11.08 11.93 11.05 13.23 12.42 14
7.85 8.57 6.61 7.23 7.38 7.78 8.64 9.0 2
5.53 4.85 5.1 4.32 6.28 5.64 7.41 6.71 0
5.43 6.01 4.66 4.94 4.96 4.93 6.27 6.35 14
7.02 6.0 7.54 6.46 7.84 6.57 8.27 6.95 10
5.86 6.25 5.23 5.33 6.53 6.46 7.62 7.63 5
5.69 6.5 6.02 7.04 7.5 8.5 7.94 8.85 1
4.49 5.54 5.33 6.22 6.5 7.26 6.24 6.91 5
5.51 5.26 6.95 6.76 7.76 7.53 7.01 6.88 17
9.66 9.31 9.89 9.72 9.05 9.08 8.91 8.9 18
8.29 9.62 7.27 8.56 5.92 7.26 6.32 7.61 0
7.28 6.18 5.88 4.84 5.1 4.18 6.28 5.49 19
6.14 4.82 5.09 3.79 4.57 3.61 4.91 4.05 13
7.27 8.7 6.69 8.17 5.5 7.01 5.05 6.49 4
7.19 6.19 7.32 6.47 6.1 5.29 4.96 4.1 18
6.75 8.06 5.3 6.58 5.37 6.4 6.53 7.53 14
5.92 7.26 5.01 6.46 4.82 6.31 5.1 6.44 4
9.19 7.77 9.04 7.66 8.09 6.67 7.01 5.54 1
5.32 6.72 5.43 6.93 5.59 7.11 4.96 6.42 1
4.23 4.88 5.28 6.16 6.01 6.7 5.25 5.71 5
8.15 6.75 8.71 7.25 8.58 7.23 7.26 6.0 16
7.83 6.74 8.71 7.56 8.3 7.01 6.82 5.52 5
8.6 7.8 8.97 7.94 8.11 6.99 6.7 5.68 9
5.49 4.71 5.16 4.74 6.07 5.57 7.15 6.42 17
5.79 7.3 4.58 6.08 5.26 6.73 6.7 8.18 17
6.1 7.61 4.74 6.24 4.24 5.73 5.62 7.08 0
6.42 5.34 5.7 4.93 4.52 3.74 5.12 4.04 1
4.53 5.5 5.84 6.6 6.68 7.59 6.61 7.75 14
4.1 4.04 5.15 4.72 5.07 4.63 4.81 4.82 5
11.61 10.4 12.43 11.14 13.81 12.53 13.76 12.5 14
10.39 8.94 9.65 8.28 9.35 8.04 9.28 7.91 14
7.48 6.3 7.22 6.22 5.85 4.87 5.09 3.97 14
6.5 5.37 5.11 3.93 5.45 4.02 6.42 4.98 1
10.09 9.52 8.71 8.24 8.08 7.41 8.67 7.81 8
10.57 9.14 11.82 10.42 12.18 10.74 11.73 10.24 18
8.74 7.33 8.69 7.29 7.64 6.35 6.57 5.24 8
7.5 6.82 6.84 5.97 5.49 4.58 5.18 4.64 2
5.61 5.89 5.9 5.9 7.04 7.18 7.88 8.13 14
7.4 8.84 7.32 8.83 6.38 7.91 5.35 6.83 14
7.81 6.52 6.47 5.15 5.77 4.38 7.02 5.61 14
5.54 5.06 6.6 6.37 7.79 7.4 7.95 7.28 9
6.77 6.1 6.6 6.13 6.38 6.24 5.7 5.56 9
5.02 4.03 4.42 3.78 5.67 5.04 6.3 5.36 9
5.55 7.09 4.13 5.67 4.66 6.1 5.91 7.35 16
6.08 5.77 5.7 5.31 5.93 5.9 7.03 7.09 16
6.31 5.4 6.1 4.9 6.74 5.54 7.85 6.78 13
5.51 6.99 4.18 5.64 3.58 5.11 4.19 5.66 13
5.69 6.43 6.18 7.01 7.0 7.59 6.46 6.79 12
5.69 6.18 6.43 7.01 7.24 8.03 7.69 8.42 12
5.71 5.94 5.19 5.26 5.83 6.13 5.92 6.54 7
6.37 7.89 5.31 6.81 4.98 6.38 5.22 6.59 16
6.54 7.29 5.15 6.05 4.31 4.92 5.23 5.63 18
6.62 5.38 5.23 3.98 5.71 4.36 7.12 5.82 0
7.1 7.21 7.24 7.03 8.52 8.24 9.37 9.29 9
5.66 6.02 6.4 7.04 7.33 7.97 7.78 8.15 7
4.76 5.72 5.1 5.69 5.27 5.73 5.83 6.55 9
5.87 5.4 6.67 6.28 6.24 5.73 5.91 5.06 12
5.87 6.67 5.4 6.28 4.41 5.06 3.57 4.19 12
8.38 7.57 8.5 7.53 7.18 6.18 6.23 5.24 3
4.55 5.18 5.71 6.1 5.91 5.95 5.69 5.75 9
9.3 8.09 10.55 9.31 10.44 9.3 9.04 7.92 10
6.14 4.65 6.27 4.74 7.55 6.03 7.74 6.26 8
9.74 9.6 9.33 9.17 7.84 7.71 7.5 7.59 18
5.51 5.75 6.5 6.51 6.0 5.94 5.13 5.41 9
6.45 6.06 5.92 5.84 6.09 6.3 7.25 7.31 4
5.99 6.03 4.72 4.66 4.98 4.45 6.48 5.92 14
4.83 4.11 4.1 3.87 5.34 5.25 6.49 6.18 15
5.39 5.96 6.57 7.28 7.59 8.29 7.05 7.74 4
4.33 4.69 4.66 4.68 6.03 5.89 6.24 6.12 5
4.84 6.14 4.32 5.79 5.69 7.18 6.69 8.14 15
6.98 7.29 5.83 6.15 6.53 6.61 7.97 8.07 5
6.6 6.19 6.98 6.83 6.15 6.06 5.77 5.33 5
6.21 6.87 5.71 6.21 4.59 4.89 5.02 5.24 13
8.26 8.29 7.82 7.61 6.84 6.75 7.52 7.69 19
8.99 7.51 9.07 7.64 7.78 6.4 7.41 6.08 15
11.23 9.74 11.36 9.91 10.06 8.64 9.03 7.56 8
7.04 7.25 6.75 7.18 5.31 5.79 4.68 5.07 8
5.86 5.82 5.05 5.11 4.21 4.69 4.1 4.55 14
10.08 8.62 9.9 8.39 8.49 6.96 7.81 6.35 14
6.74 8.21 5.43 6.84 4.42 5.93 5.28 6.79 15
7.13 6.55 6.13 5.69 5.07 4.86 5.97 5.83 11
6.74 5.84 5.23 4.31 4.99 4.06 6.2 5.44 0
6.38 5.75 5.61 4.88 5.28 4.93 5.3 5.24 16
6.25 6.72 6.05 6.38 5.1 5.16 4.22 4.43 4
8.95 8.02 8.38 7.68 7.65 7.02 6.95 6.11 6
8.31 7.33 9.49 8.49 9.21 8.13 8.55 7.31 4
12.38 11.3 11.36 10.4 10.34 9.37 11.19 10.16 4
8.8 7.28 9.47 7.98 8.54 7.09 7.19 5.73 5
5.7 6.27 4.87 5.17 5.08 5.48 6.48 6.97 4
6.25 5.92 5.62 5.61 4.8 4.67 5.73 5.24 15
9.84 9.36 8.94 8.54 7.54 7.12 7.73 7.06 16
10.29 9.14 10.12 8.86 8.95 7.75 7.92 6.79 1
12.45 11.04 12.81 11.36 11.72 10.24 10.42 8.97 14
7.68 8.04 6.59 6.79 5.6 5.78 5.72 6.23 0
6.66 7.59 5.56 6.39 5.47 6.49 5.73 6.98 3
7.69 7.07 7.28 6.88 7.11 6.98 6.5 6.31 14
7.96 6.92 8.75 7.84 10.05 9.02 9.86 8.67 14
8.03 7.91 8.41 8.08 7.53 7.0 7.2 6.68 10
5.1 5.21 5.84 6.27 7.03 7.32 7.45 7.45 2
6.45 5.07 6.4 4.9 7.88 6.37 8.54 7.09 13
8.37 8.11 7.43 7.11 6.25 6.16 7.0 7.17 9
6.28 5.4 6.67 5.57 5.88 4.87 5.82 5.16 16
8.09 8.83 7.35 8.18 5.94 6.71 5.73 6.51 16
4.42 3.87 5.1 4.21 6.31 5.31 6.13 5.17 19
6.31 6.57 6.2 6.74 5.07 5.62 3.96 4.36 19
5.9 5.99 7.12 7.38 7.82 7.95 6.94 6.97 13
7.97 6.56 6.77 5.43 6.18 4.99 6.49 5.26 7
7.63 6.5 7.18 5.86 8.48 7.1 9.13 7.83 0
8.11 6.77 6.74 5.49 5.86 4.46 6.57 5.08 18
9.19 8.13 8.31 7.41 6.89 5.94 7.02 5.98 9
6.81 5.99 5.5 4.83 5.97 5.65 7.42 7.02 8
6.3 4.86 7.38 5.88 8.61 7.15 8.34 6.99 13
7.57 6.3 8.85 7.5 9.93 8.66 9.49 8.37 11
5.75 6.28 6.53 7.05 7.59 8.28 7.87 8.56 9
4.11 4.51 5.49 5.76 6.11 6.04 5.66 5.51 14
7.57 6.67 6.77 5.66 5.32 4.31 5.38 4.62 16
4.24 4.96 5.53 6.37 6.4 7.27 5.75 6.68 7
6.79 5.93 5.32 4.57 4.86 4.18 5.93 5.02 7
5.04 4.07 5.43 4.18 6.73 5.55 6.77 5.86 5
6.62 6.55 5.33 5.25 4.6 4.93 5.86 6.35 5
10.2 9.43 10.75 9.86 10.51 9.7 10.04 9.44 19
5.44 6.86 4.95 6.44 4.09 5.47 4.76 5.96 19
4.45 3.68 4.58 4.31 4.86 4.66 5.52 4.94 5
5.35 3.89 6.42 5.04 7.66 6.21 7.47 5.95 3
11.38 10.01 11.5 10.11 10.21 8.87 9.14 7.75 14
6.59 6.97 5.63 5.86 6.45 6.72 7.22 7.74 3
4.67 4.98 3.66 4.25 4.77 5.54 5.84 6.61 5
8.43 7.9 8.49 8.04 9.34 8.71 9.01 8.18 4
9.4 8.62 9.88 9.31 11.34 10.73 11.59 10.83 19
5.99 5.5 7.52 6.99 8.0 7.66 7.31 7.25 0
8.78 8.13 9.75 9.26 10.91 10.3 10.84 10.04 8
8.43 7.32 9.28 8.03 10.26 9.09 9.67 8.65 8
5.62 6.33 6.88 7.73 7.64 8.47 6.81 7.62 7
4.64 4.22 5.42 4.59 6.73 5.95 6.66 6.11 15
8.77 8.56 9.0 8.53 10.38 9.89 11.1 10.78 18
7.11 7.51 7.47 7.63 6.28 6.32 5.2 5.55 16
8.56 7.61 10.02 9.09 10.28 9.3 9.15 8.08 14
7.86 8.85 8.0 8.76 6.89 7.57 5.7 6.58 14
8.18 6.97 9.27 7.97 8.73 7.4 7.76 6.56 18
7.55 6.9 6.34 5.86 7.09 6.86 8.24 8.01 17
6.63 7.23 5.12 5.71 5.02 5.4 6.25 6.72 19
6.59 5.19 5.77 4.36 5.36 3.84 5.32 3.83 6
6.61 6.6 6.74 6.4 5.59 5.07 4.39 4.21 7
7.4 6.23 7.94 6.74 7.13 5.84 6.7 5.27 18
9.77 8.41 9.54 8.32 8.13 6.96 7.87 6.6 11
6.13 5.17 5.99 4.77 6.88 5.75 7.84 6.84 19
5.53 5.87 6.65 6.81 7.87 8.15 7.77 8.14 11
11.67 10.68 11.17 10.04 10.23 9.1 9.7 8.75 18
4.65 5.84 5.05 6.03 5.14 5.8 5.78 6.48 17
5.08 3.97 6.26 5.27 6.21 5.27 5.89 4.72 5
8.26 7.34 7.54 6.82 7.01 6.17 6.5 5.41 1
11.84 11.07 10.67 10.02 9.7 8.93 9.79 8.86 18
7.41 7.38 6.01 6.14 5.88 5.92 7.32 7.37 19
6.69 5.2 5.6 4.09 6.49 5.01 7.38 5.87 4
8.25 7.15 9.62 8.59 9.54 8.71 8.49 7.75 14
6.61 5.83 7.9 7.06 8.46 7.84 7.45 7.04 3
9.23 7.91 8.01 6.72 7.39 5.96 7.58 6.15 18
5.85 5.78 4.37 4.32 4.67 4.51 5.95 5.52 9
6.82 8.15 5.48 6.81 4.8 5.98 6.06 7.07 9
6.01 4.9 5.42 4.36 5.76 5.04 7.1 6.34 8
6.16 5.28 5.92 5.34 5.42 4.76 6.29 5.33 8
9.04 7.65 8.71 7.37 7.32 5.96 7.32 5.84 9
8.19 7.8 7.65 7.01 6.19 5.61 6.23 5.97 17
9.54 8.07 9.71 8.2 8.56 7.07 8.35 6.95 2
6.05 6.25 5.65 5.6 6.58 6.23 6.77 6.42 8
8.57 8.87 9.62 9.79 9.17 9.11 7.74 7.71 11
8.72 7.58 9.58 8.54 9.07 8.05 8.73 7.55 14
5.0 4.31 6.14 5.61 7.36 6.64 7.24 6.25 11
5.52 4.57 5.44 4.49 6.89 5.98 7.72 6.65 16
6.25 7.75 5.41 6.81 6.34 7.67 7.7 9.07 9
5.16 5.05 3.91 4.08 3.88 3.73 5.38 5.11 2
7.18 5.69 5.81 4.38 5.41 3.95 5.99 4.48 16
7.19 6.95 6.4 6.38 7.28 7.2 7.72 7.34 4
7.08 8.23 6.72 7.76 5.26 6.26 4.71 5.96 11
5.96 6.41 7.46 7.9 7.82 8.11 6.88 7.23 15
5.73 6.75 7.09 8.02 8.1 9.05 7.7 8.56 2
5.55 6.3 6.78 7.46 7.7 8.56 7.04 8.12 12
5.55 6.78 6.3 7.46 7.7 8.85 8.0 9.27 12
4.71 4.7 5.24 5.18 5.92 5.47 5.22 4.47 16
6.69 5.81 5.55 4.49 5.61 4.44 5.96 5.07 10
9.11 9.11 8.24 8.09 7.39 7.11 8.4 8.09 10
6.4 6.37 6.45 6.3 7.8 7.48 8.63 8.43 9
8.1 6.74 8.45 6.98 9.69 8.24 9.66 8.32 7
11.25 10.1 11.58 10.48 10.38 9.29 9.62 8.4 14
7.09 7.4 5.96 6.23 5.4 5.36 6.72 6.5 3
4.64 4.82 4.14 4.41 4.28 5.02 5.52 6.26 0
9.66 8.67 10.46 9.64 9.8 9.11 9.35 8.55 13
9.21 7.93 9.84 8.5 8.93 7.53 7.52 6.15 3
8.44 7.25 9.6 8.32 9.23 7.83 7.77 6.35 14
4.81 5.06 6.14 6.33 7.18 7.27 6.75 6.65 4
5.57 5.19 7.08 6.6 7.51 6.77 6.75 5.97 19
9.12 8.35 10.37 9.58 11.41 10.71 11.13 10.43 4
7.61 7.5 8.59 8.25 9.51 9.26 9.55 9.53 3
9.97 8.91 10.84 9.72 10.26 9.2 9.46 8.56 14
6.05 7.17 4.9 6.04 4.86 5.68 5.86 6.56 5
5.12 6.58 4.95 6.48 5.3 6.79 5.48 6.88 6
4.18 3.86 4.35 3.8 5.62 5.23 5.99 5.86 2
8.92 7.81 9.46 8.41 8.45 7.53 7.09 6.11 17
5.55 4.53 6.05 4.79 5.61 4.17 4.99 3.66 16
8.52 7.9 8.05 7.5 6.59 6.02 6.35 5.63 14
8.09 8.13 7.24 7.22 6.36 6.11 6.97 6.67 2
8.59 7.97 7.46 6.93 7.23 7.0 8.37 8.16 12
8.59 7.46 7.97 6.93 6.49 5.48 6.42 5.51 12
9.18 8.4 7.72 6.91 7.27 6.36 8.59 7.69 19
13.1 12.12 11.81 10.76 10.89 9.93 11.7 10.88 19
7.52 6.11 6.09 4.7 5.33 3.94 6.31 5.07 17
8.3 7.44 8.03 7.25 6.88 5.99 5.89 4.99 16
4.87 6.28 4.16 5.47 5.31 6.59 6.53 7.84 2
5.49 6.96 4.37 5.89 4.4 5.87 5.87 7.31 9
5.88 6.51 5.1 5.65 4.03 4.34 4.88 4.96 18
4.67 3.78 5.2 4.68 5.13 4.92 5.44 5.04 0
5.35 5.51 6.56 6.9 7.38 7.72 6.62 6.99 16
4.82 5.82 5.41 6.19 6.75 7.46 6.77 7.45 5
4.92 6.31 4.41 5.81 5.79 7.18 6.6 8.07 14
6.66 6.22 5.38 4.77 6.05 5.12 7.19 6.36 17
9.86 8.91 11.34 10.43 11.71 10.82 10.61 9.81 6
10.98 9.91 9.62 8.49 8.87 7.87 10.01 9.11 4
9.73 8.89 11.15 10.38 11.77 10.94 11.3 10.32 4
6.18 5.46 5.71 5.33 4.43 4.25 4.73 4.38 0
7.45 8.33 7.1 7.79 5.63 6.33 5.13 5.95 17
8.07 9.04 8.25 9.39 7.09 8.27 5.88 7.0 9
6.89 6.33 6.04 5.65 4.84 4.66 4.67 4.21 4
9.26 8.73 9.19 8.56 8.29 7.82 7.23 6.88 4
5.96 7.4 5.08 6.43 3.69 5.13 4.22 5.75 7
5.55 5.28 5.49 5.32 4.55 4.77 4.8 5.23 6
5.97 4.79 7.49 6.26 8.06 6.96 7.42 6.55 6
5.37 4.46 6.01 5.08 5.58 4.98 4.91 4.6 16
8.86 8.79 9.0 8.67 7.67 7.24 6.68 6.5 14
6.3 7.63 4.77 6.11 4.7 5.8 6.01 7.08 17
7.16 6.33 5.9 5.3 5.86 5.4 6.45 5.73 19
7.44 6.03 8.76 7.41 8.84 7.56 8.16 6.85 17
8.36 7.09 9.23 7.97 8.55 7.27 7.49 6.1 19
5.49 6.26 5.46 6.54 6.59 7.71 7.64 8.59 15
4.2 4.35 4.16 3.84 4.46 3.76 5.5 4.99 2
8.9 7.86 9.07 8.19 8.23 7.33 8.09 6.97 6
7.68 7.62 6.66 6.55 5.56 5.72 6.38 6.78 5
6.25 7.25 4.96 6.07 3.93 4.96 4.84 5.54 8
6.8 8.3 5.36 6.84 5.35 6.71 6.46 7.83 15
6.94 5.42 6.04 4.56 5.8 4.37 7.01 5.56 19
8.81 7.59 8.79 7.71 7.56 6.62 6.52 5.42 11
7.7 6.29 7.19 5.94 5.79 4.58 5.87 4.56 0
6.64 5.56 5.67 4.39 5.33 4.09 6.61 5.48 8
7.93 7.49 7.05 6.48 5.97 5.28 5.72 5.32 5
6.68 6.87 6.52 6.96 5.67 6.01 4.56 4.72 0
7.99 6.56 6.71 5.25 5.63 4.23 6.39 5.17 15
8.8 7.56 8.23 7.13 7.41 6.46 6.94 5.87 17
6.29 5.97 5.11 5.03 5.44 5.22 6.02 5.41 4
7.7 6.25 8.93 7.44 9.91 8.44 9.29 7.85 9
9.36 8.12 9.61 8.43 8.37 7.27 7.24 6.06 19
5.25 5.06 6.37 5.89 7.48 7.05 7.09 6.72 4
7.24 6.77 7.56 6.81 8.97 8.18 9.68 9.08 4
12.54 11.18 12.06 10.68 10.92 9.6 10.08 8.77 14
5.12 4.1 5.2 3.95 6.28 4.89 7.29 6.0 2
8.33 7.07 6.84 5.6 6.26 5.02 7.28 6.19 9
8.29 7.2 7.35 6.24 5.96 4.93 6.09 4.96 15
7.24 8.46 6.25 7.59 5.09 6.41 5.95 7.15 14
5.57 6.38 4.9 5.66 4.48 5.56 5.68 6.88 9
5.97 5.49 6.27 6.06 5.83 5.55 6.27 5.62 11
7.02 6.57 6.56 5.8 5.79 5.02 4.94 4.55 4
7.49 8.14 7.52 8.41 6.39 7.42 5.17 6.06 2
7.42 8.2 7.6 8.14 6.3 6.73 5.46 6.17 17
7.56 7.59 7.41 7.34 6.93 7.11 5.82 6.19 4
5.83 7.25 5.31 6.57 4.22 5.42 3.39 4.8 5
6.44 6.92 6.22 6.53 4.79 5.08 4.22 4.95 3
7.73 7.13 7.55 6.71 8.92 8.05 9.39 8.73 14
7.65 7.29 8.63 8.17 9.94 9.54 9.84 9.66 16
9.41 8.86 10.23 9.58 9.63 8.8 8.15 7.38 4
7.8 6.4 6.8 5.36 7.68 6.29 9.05 7.62 4
7.71 6.47 6.4 5.07 6.77 5.31 7.52 6.14 16
6.79 6.08 6.19 5.52 4.88 4.44 5.33 5.18 12
6.79 6.19 6.08 5.52 6.53 6.29 7.94 7.66 12
8.71 7.28 7.54 6.14 6.45 5.09 6.66 5.26 4
7.78 6.32 8.55 7.05 8.88 7.45 9.37 8.01 3
9.07 8.21 9.1 8.47 8.75 8.25 7.55 6.96 17
9.42 7.95 8.89 7.42 7.81 6.41 6.99 5.57 17
7.88 6.58 7.28 6.15 7.0 6.04 8.23 7.23 15
6.06 4.95 5.85 5.06 4.75 4.18 5.13 4.45 14
6.03 6.22 4.92 4.97 3.88 4.34 4.94 5.67 3
8.38 7.09 7.66 6.4 6.24 5.04 5.95 4.62 19
8.18 8.31 7.46 7.34 6.09 6.04 5.69 6.0 15
6.32 6.62 6.12 6.37 4.69 4.98 4.18 4.87 16
8.75 7.3 7.3 5.82 6.71 5.33 7.88 6.56 4
13.13 12.43 12.45 11.67 11.24 10.4 10.62 9.92 14
9.19 8.59 9.15 8.34 7.98 7.06 6.81 6.08 19
8.6 7.76 9.73 8.74 10.15 9.14 10.14 9.31 11
9.95 9.68 8.5 8.32 7.95 7.52 8.69 8.1 7
6.7 5.49 6.68 5.71 6.7 5.73 7.6 6.45 11
7.75 6.72 7.42 6.52 6.32 5.33 6.76 5.51 14
7.45 6.61 6.46 5.5 5.61 4.93 6.72 6.25 17
7.15 6.59 7.03 6.35 5.93 5.06 4.8 4.12 4
7.1 6.73 6.74 6.07 6.25 5.64 5.43 5.17 2
6.14 4.88 5.42 4.01 6.26 4.75 6.62 5.16 4
12.19 11.07 13.6 12.52 13.82 12.71 12.62 11.56 14
9.35 8.6 8.52 7.68 8.17 7.13 7.83 6.87 19
6.11 6.0 5.27 4.86 6.08 5.39 6.47 5.97 17
4.06 3.7 4.28 4.09 5.25 4.7 4.97 4.02 2
10.13 9.29 10.53 9.84 9.8 9.09 8.35 7.61 8
8.31 7.68 7.97 7.09 9.21 8.25 10.35 9.47 4
6.55 6.7 5.34 5.37 4.17 4.43 4.82 5.01 14
6.94 8.41 5.92 7.44 5.15 6.65 6.36 7.8 16
5.47 5.56 5.26 5.51 4.88 5.53 5.86 6.56 5
3.32 1.84 4.41 3.02 5.09 3.68 4.32 3.04 5
7.28 6.0 6.21 4.87 7.11 5.68 8.42 7.05 19
5.98 6.48 6.2 6.5 6.88 7.37 6.4 7.18 19
8.68 9.32 8.23 8.8 8.11 8.42 7.36 7.63 18
7.62 6.38 7.11 5.84 7.85 6.45 7.76 6.27 13
6.18 5.24 5.84 4.61 7.11 5.83 8.22 7.0 7
7.35 5.88 7.72 6.22 8.43 6.89 9.36 7.83 17
8.26 6.8 7.71 6.19 7.6 6.13 8.91 7.47 9
7.12 6.73 5.69 5.26 4.98 4.93 6.04 6.22 7
8.18 6.9 7.3 6.05 5.88 4.62 5.97 4.88 7
9.16 8.14 9.49 8.3 8.73 7.51 8.96 7.91 19
7.58 6.5 7.59 6.77 8.75 7.96 9.81 8.86 7
7.94 7.39 7.49 6.71 8.12 7.16 9.46 8.58 7
10.35 9.01 9.79 8.57 8.4 7.15 8.6 7.24 2
14.42 13.48 13.68 12.87 12.23 11.39 12.07 11.09 14
7.56 6.91 8.0 7.48 7.87 7.63 8.43 8.22 9
9.43 8.41 9.38 8.56 8.46 7.68 8.87 7.93 4
8.05 7.47 7.42 6.75 6.5 6.09 7.4 7.22 4
9.99 8.56 9.05 7.58 7.72 6.29 8.18 6.9 17
8.93 8.43 9.97 9.36 10.6 10.17 10.9 10.6 3
7.78 6.26 6.67 5.19 5.57 4.06 5.64 4.14 18
11.11 10.7 10.19 9.64 10.42 9.71 10.71 10.09 18
8.38 7.28 9.67 8.46 10.76 9.65 10.47 9.48 6
5.64 6.82 4.33 5.48 4.88 5.72 5.78 6.49 3
5.33 4.08 4.94 4.03 6.08 5.24 6.36 5.35 0
9.38 8.42 10.88 9.88 11.53 10.66 10.8 10.0 8
8.73 7.98 9.03 8.15 9.68 8.62 8.98 7.87 8
9.82 8.33 10.45 8.98 9.59 8.18 8.19 6.75 3
8.67 8.4 8.31 8.27 7.32 7.46 6.51 6.45 7
6.37 6.17 5.55 5.07 4.34 4.09 4.18 4.38 19
7.51 7.56 9.01 9.02 9.57 9.8 9.14 9.49 8
5.95 6.08 6.8 6.63 8.14 8.01 8.44 8.58 11
4.7 5.27 5.84 6.13 6.97 7.31 6.63 6.99 11
5.78 5.32 4.71 4.59 4.02 3.74 5.3 4.77 2
6.12 6.91 6.06 7.12 4.69 5.85 3.98 4.88 11
6.07 7.57 5.28 6.78 4.01 5.53 3.75 5.21 11
6.16 5.29 4.75 3.81 4.28 3.8 5.05 4.8 19
8.15 7.95 6.74 6.7 6.9 7.0 8.31 8.48 18
5.11 4.88 3.61 3.56 3.82 4.19 5.0 5.12 5
7.52 6.16 6.36 5.09 5.19 3.93 5.98 4.86 14
8.04 7.74 7.15 6.89 5.81 5.69 5.68 5.37 7
6.98 7.05 6.11 6.01 5.67 5.3 5.69 5.5 5
4.95 5.24 4.4 4.48 4.97 5.31 5.12 5.83 17
5.86 5.92 4.4 4.66 4.25 4.48 5.19 5.0 17
7.16 8.57 5.93 7.38 6.67 8.09 7.74 9.08 0
5.78 4.9 4.7 3.76 5.11 3.82 6.59 5.3 16
5.09 5.01 4.66 4.63 5.95 6.05 7.04 6.96 7
10.07 8.86 9.26 8.19 8.82 7.7 8.47 7.18 17
10.65 9.38 9.28 8.06 9.26 8.2 9.93 8.86 7
6.36 5.21 5.12 4.14 5.83 5.16 7.26 6.46 9
6.41 5.1 6.89 5.46 7.62 6.28 6.95 5.8 11
8.13 6.81 7.04 5.62 5.78 4.43 6.4 5.17 10
7.68 6.89 7.56 6.53 7.03 5.89 5.99 5.05 15
8.06 8.48 7.83 8.08 6.4 6.68 5.69 5.99 9
6.01 5.89 6.46 6.52 5.46 5.58 4.12 4.41 5
6.28 5.37 6.12 5.39 7.04 6.15 6.92 5.76 16
5.58 5.96 5.59 6.3 7.01 7.76 7.4 8.05 2
7.29 5.86 6.18 4.78 7.11 5.79 8.21 6.93 17
6.62 6.47 5.1 4.97 4.79 5.12 6.04 6.43 17
6.15 7.17 5.34 6.58 3.89 5.1 3.96 4.84 5
6.18 7.66 5.33 6.74 4.3 5.78 5.26 6.77 7
4.62 4.41 4.1 4.41 4.2 4.68 5.41 5.61 16
7.67 6.55 8.89 7.86 9.37 8.47 8.27 7.5 17
6.92 5.42 6.26 4.76 5.4 4.02 6.34 5.08 17
7.26 5.77 6.66 5.24 7.28 5.85 8.64 7.17 0
5.53 6.03 7.05 7.47 7.69 8.35 7.13 7.97 15
4.7 4.69 5.93 5.76 6.28 5.74 6.26 5.64 16
5.98 7.49 6.48 7.99 7.0 8.53 7.75 9.29 16
7.64 9.11 8.12 9.53 7.24 8.61 5.81 7.2 5
7.19 8.22 7.19 8.24 6.51 7.75 5.32 6.6 16
6.72 6.04 6.06 5.65 4.63 4.19 4.33 3.71 9
6.2 7.63 4.87 6.23 3.89 5.38 4.8 6.32 2
6.22 7.43 5.28 6.37 4.52 5.78 5.68 7.06 7
8.01 7.67 7.73 7.68 6.96 7.04 7.63 7.54 19
5.11 5.04 5.98 6.21 6.79 6.95 6.06 6.14 0
7.35 5.88 7.16 5.68 7.21 5.7 6.41 4.89 6
8.61 8.37 9.12 8.77 8.02 7.6 6.98 6.81 9
8.24 7.28 8.41 7.43 7.27 6.43 6.01 5.09 9
9.65 8.25 10.55 9.19 9.97 8.72 8.64 7.42 10
10.02 9.5 9.14 8.45 7.9 7.34 8.14 7.84 10
10.75 9.35 9.79 8.33 8.47 7.05 8.88 7.58 4
6.95 6.38 5.53 4.95 5.65 5.35 7.15 6.84 3
5.26 5.07 4.4 4.57 4.35 4.88 5.46 5.8 0
8.12 6.75 7.84 6.6 6.85 5.61 6.94 5.53 19
6.02 5.64 4.64 4.29 4.77 3.94 6.2 5.29 9
6.5 5.99 5.07 4.63 5.34 4.68 6.75 5.94 14
6.63 6.91 5.93 6.51 7.19 7.89 8.32 8.85 0
4.79 5.67 4.29 5.45 5.52 6.64 6.34 7.24 13
7.0 8.42 5.83 7.32 6.32 7.83 7.49 8.94 11
8.08 6.7 9.41 8.04 9.7 8.25 8.67 7.17 12
8.08 9.41 6.7 8.04 5.8 7.16 6.89 8.25 12
6.64 5.16 7.07 5.56 8.44 6.95 8.64 7.21 4
6.95 5.7 6.12 5.03 4.71 3.55 5.02 3.61 4
6.73 5.31 5.26 3.86 5.51 4.23 6.91 5.57 4
10.03 8.63 9.38 8.1 7.91 6.62 7.81 6.38 9
6.36 4.89 5.72 4.3 6.08 4.63 7.18 5.68 4
7.68 6.29 6.42 5.11 5.59 4.16 6.34 4.82 4
8.83 8.15 8.49 7.59 7.01 6.1 6.57 5.91 16
9.21 8.13 9.42 8.5 8.14 7.35 7.06 6.11 6
6.61 6.59 5.62 5.91 4.55 4.79 4.94 4.7 5
7.53 6.1 6.05 4.59 6.08 4.6 7.43 5.99 3
9.67 8.56 8.69 7.7 9.63 8.71 10.82 9.77 2
10.78 9.86 10.15 9.26 9.1 8.08 9.05 7.95 2
6.87 5.74 7.32 6.35 8.78 7.76 9.12 7.94 3
6.01 5.51 4.93 4.77 3.7 3.39 4.46 3.63 3
8.64 7.41 7.18 6.0 7.21 5.96 8.68 7.38 9
8.81 8.33 9.99 9.34 10.25 9.51 9.65 9.06 9
11.17 9.81 9.94 8.54 9.65 8.19 10.69 9.28 14
8.36 8.1 8.99 8.95 9.83 9.7 9.67 9.32 19
9.34 7.92 8.41 7.1 8.75 7.53 9.74 8.46 19
8.84 8.49 9.36 9.22 10.81 10.64 11.09 10.75 19
8.65 8.78 8.41 8.28 9.8 9.56 10.65 10.58 18
6.78 5.69 6.79 5.55 6.78 5.37 6.72 5.37 7
5.22 4.38 4.45 4.06 5.56 5.36 6.61 6.13 19
5.41 6.76 3.96 5.27 4.4 5.43 5.88 6.93 16
9.35 8.66 10.16 9.65 11.45 10.89 11.49 10.75 19
6.25 5.84 5.21 5.06 5.54 5.28 6.71 6.18 19
6.52 6.01 6.18 5.58 5.35 5.07 5.22 5.21 17
6.46 6.01 5.73 5.44 4.32 3.95 4.44 3.82 11
12.32 11.82 10.92 10.44 10.1 9.52 11.15 10.52 19
5.41 5.26 6.42 5.94 7.65 7.26 7.5 7.41 12
5.41 6.42 5.26 5.94 6.34 6.94 6.96 7.81 12
9.06 8.08 7.82 6.82 6.82 6.0 7.71 7.01 19
4.76 3.75 4.47 3.85 4.63 3.95 5.0 3.92 19
9.18 8.89 9.6 9.31 8.6 8.44 7.62 7.6 19
10.18 9.37 11.7 10.87 12.25 11.57 11.15 10.61 19
6.02 6.58 7.41 8.07 7.67 8.42 6.46 7.24 13
4.85 4.43 6.05 5.34 6.99 6.27 6.42 5.86 15
7.4 6.87 7.58 6.76 9.06 8.21 9.59 8.93 9
6.82 6.14 5.64 4.99 6.46 5.93 7.85 7.28 0
5.84 6.36 5.33 6.15 6.4 7.38 7.34 8.16 16
6.91 5.42 6.08 4.68 5.96 4.67 6.83 5.48 0
9.47 8.29 9.9 8.67 9.39 8.3 8.38 7.4 2
7.12 5.8 8.24 6.88 8.4 7.18 7.46 6.39 0
4.11 4.08 5.49 5.59 6.23 6.17 5.62 5.29 5
6.55 6.61 7.8 7.79 8.93 8.98 8.54 8.63 3
7.77 8.13 6.76 6.9 6.27 6.41 7.25 7.58 19
7.41 5.9 7.31 5.81 6.48 5.08 6.33 4.98 10
6.71 6.17 6.2 5.66 7.47 6.81 8.51 7.82 17
5.81 4.61 5.15 4.14 6.41 5.43 7.43 6.27 15
7.09 5.95 5.6 4.55 5.45 4.29 6.8 5.52 7
4.57 4.77 5.92 6.06 6.81 6.7 6.28 6.08 4
11.72 11.22 11.54 11.22 10.09 9.83 9.48 9.06 13
6.9 5.91 5.88 4.7 5.44 4.34 6.44 5.56 9
7.67 6.53 7.72 6.51 6.84 5.5 6.45 5.06 1
6.04 6.47 6.82 7.48 7.16 7.71 6.91 7.17 16
6.27 7.63 6.13 7.6 4.96 6.43 4.65 5.97 5
7.3 6.63 6.55 5.76 5.09 4.34 5.23 4.62 3
6.8 6.06 6.0 5.28 6.94 6.04 7.9 6.86 11
6.0 4.64 6.49 5.35 7.82 6.61 7.97 6.61 16
8.78 8.19 7.3 6.8 7.24 6.96 8.57 8.22 4
7.79 6.33 6.58 5.09 5.61 4.23 6.61 5.36 6
11.63 11.36 13.1 12.76 13.16 12.68 11.8 11.29 19
5.83 4.42 7.07 5.61 8.16 6.77 7.82 6.53 15
12.02 11.4 12.2 11.55 10.87 10.21 9.89 9.24 19
5.75 4.77 4.23 3.31 4.06 3.62 5.53 5.07 0
5.97 7.49 4.89 6.42 3.62 5.15 4.34 5.76 6
5.26 6.64 4.89 6.34 3.94 5.27 3.82 4.97 4
5.54 4.75 5.71 5.19 5.7 5.52 5.48 5.27 15
6.29 5.8 5.67 5.1 6.16 5.89 6.93 6.81 2
11.94 11.37 13.39 12.8 14.17 13.68 13.3 12.87 19
6.22 6.72 5.27 5.84 6.38 6.91 7.64 8.13 0
4.44 4.78 4.47 4.85 5.96 6.26 6.6 6.83 10
7.38 6.43 8.83 7.83 9.68 8.7 8.9 8.0 9
6.33 5.84 7.7 7.04 8.45 7.9 7.67 7.35 17
9.94 8.6 11.34 9.96 11.5 10.04 10.23 8.77 13
5.38 5.25 5.36 5.06 5.37 5.43 5.59 5.95 1
6.38 6.9 6.72 7.08 6.48 7.03 5.8 6.63 4
6.76 7.12 5.61 5.81 4.87 4.97 5.68 5.97 0
7.09 6.64 7.0 6.63 8.34 7.84 8.73 8.02 16
8.94 7.66 9.13 8.02 9.62 8.54 10.36 9.15 11
8.52 7.29 8.51 7.47 7.17 6.24 6.73 5.65 4
9.38 8.11 10.39 9.16 10.27 9.0 9.94 8.55 14
9.79 9.2 11.16 10.62 12.04 11.5 11.27 10.8 14
4.98 4.14 5.8 5.0 6.81 5.77 6.37 5.1 11
7.43 6.77 7.6 6.66 9.09 8.12 9.69 8.89 6
7.87 6.95 6.62 5.83 7.36 6.74 8.68 8.07 12
7.87 6.62 6.95 5.83 6.85 5.96 8.19 7.27 12
7.4 6.23 5.87 4.72 5.61 4.76 6.85 6.01 17
7.51 5.99 6.39 4.87 5.12 3.6 5.68 4.26 6
8.67 7.33 8.32 7.14 6.85 5.7 6.36 5.03 15
8.81 7.33 8.92 7.55 7.59 6.28 6.96 5.59 19
7.0 6.24 6.57 5.68 7.12 6.43 8.39 7.75 0
6.15 4.89 5.29 4.21 5.94 5.14 7.34 6.43 19
12.5 12.1 11.46 11.04 10.87 10.64 12.06 11.94 19
7.29 5.92 5.9 4.51 5.41 3.93 6.76 5.26 4
5.1 5.71 6.2 6.99 6.9 7.52 6.04 6.49 4
5.04 6.37 6.15 7.36 7.37 8.62 7.19 8.43 5
5.91 6.89 6.38 7.44 7.81 8.8 8.34 9.35 2
8.38 8.6 8.67 8.97 7.53 7.79 6.28 6.63 19
8.49 7.27 7.89 6.84 7.25 6.14 6.71 5.4 15
5.52 5.95 7.0 7.47 7.61 8.04 6.77 7.05 0
6.83 5.66 5.81 4.53 6.85 5.5 7.98 6.74 5
6.74 5.8 5.75 4.95 6.47 5.57 7.08 5.92 9
7.54 6.72 7.34 6.26 6.09 4.97 5.12 4.27 5
7.32 8.33 7.53 8.74 6.26 7.57 5.33 6.51 14
5.89 6.93 6.22 7.07 5.26 6.09 4.97 6.09 12
5.89 6.22 6.93 7.07 8.04 8.09 7.9 8.11 12
5.59 5.02 6.7 6.35 6.51 6.38 6.02 5.72 18
4.41 3.15 3.74 2.74 3.77 2.63 5.04 3.68 5
5.85 6.96 4.39 5.52 4.31 5.7 5.75 7.14 13
6.6 6.2 5.21 5.0 4.75 4.29 5.5 4.65 16
9.57 9.51 8.31 8.41 7.2 7.13 7.93 7.62 4
6.84 5.63 6.38 5.0 4.89 3.51 4.58 3.53 15
8.78 7.46 10.05 8.8 10.06 8.9 8.7 7.61 14
5.79 5.71 6.7 6.72 7.59 7.34 6.93 6.42 6
5.69 4.67 5.71 5.06 6.93 6.29 7.63 6.73 5
7.8 8.26 7.93 8.61 6.63 7.41 5.73 6.29 2
6.39 7.56 6.17 7.14 4.81 5.78 4.11 5.35 8
5.77 4.67 5.99 5.2 5.34 4.83 4.43 3.79 10
6.26 5.23 5.18 4.21 4.67 4.12 5.37 4.87 4
6.96 8.47 5.79 7.25 4.6 6.1 5.34 6.86 11
6.56 7.21 5.69 6.61 4.53 5.36 5.13 5.57 12
6.56 5.69 7.21 6.61 8.01 7.36 7.35 6.58 12
6.63 5.21 5.52 4.21 5.61 4.27 6.89 5.45 15
8.98 8.16 8.73 7.93 8.59 7.58 9.05 7.93 4
6.6 5.54 8.06 6.94 8.28 7.23 7.35 6.52 6
5.14 5.65 6.41 7.06 7.09 7.57 6.2 6.57 0
5.61 5.1 6.2 5.33 6.37 5.38 5.27 4.4 2
7.37 5.88 7.35 5.83 6.33 4.83 5.16 3.65 0
10.82 9.54 10.55 9.17 9.2 7.79 8.44 7.15 4
9.14 8.17 9.98 9.18 10.83 10.0 11.04 10.04 4
6.2 5.07 4.78 3.72 5.16 4.42 6.3 5.66 18
5.68 7.12 4.59 6.08 4.26 5.77 4.54 5.94 2
5.51 6.06 5.37 6.01 4.81 5.14 3.83 3.98 8
6.74 5.49 6.77 5.35 8.21 6.79 9.01 7.64 4
10.16 9.46 9.69 9.21 10.43 10.02 11.71 11.18 14
9.92 9.02 9.24 8.33 7.97 7.19 7.54 6.73 13
8.76 7.33 8.43 6.97 6.97 5.5 6.66 5.17 9
7.49 6.23 7.33 6.1 5.9 4.72 5.23 3.87 1
7.64 8.18 6.94 7.59 5.55 6.31 5.88 6.73 1
7.38 7.89 6.08 6.54 5.08 5.58 6.05 6.37 19
9.5 8.39 10.18 9.11 9.46 8.35 7.98 6.88 4
8.95 8.58 7.89 7.39 8.0 7.63 8.35 8.23 14
7.33 6.86 6.15 5.54 4.98 4.53 5.48 5.42 3
5.92 7.1 5.17 6.52 4.31 5.58 3.95 4.95 0
6.31 5.51 5.9 5.28 5.99 5.72 5.56 5.37 17
5.82 4.51 6.92 5.69 8.03 6.67 7.59 6.12 17
6.36 6.43 6.99 7.05 8.43 8.48 8.69 8.87 13
9.44 8.29 9.6 8.32 10.93 9.67 11.1 9.97 10
12.89 11.87 11.87 10.97 10.68 9.72 10.68 9.56 14
5.69 6.52 4.47 5.35 4.66 5.84 5.25 6.53 3
7.26 8.67 5.78 7.22 5.24 6.55 6.25 7.42 9
6.67 6.62 5.47 5.53 4.58 4.91 5.73 6.19 14
7.18 6.23 7.06 5.87 5.92 4.69 6.04 5.06 11
9.63 9.03 8.94 8.16 7.5 6.75 7.66 7.04 6
7.4 7.58 7.3 7.67 5.92 6.33 5.54 5.59 2
5.02 5.16 5.02 4.74 4.15 3.93 4.41 4.68 17
6.93 5.95 8.06 7.22 9.17 8.29 8.69 7.86 14
8.39 8.18 8.73 8.61 10.22 10.07 10.7 10.59 9
9.34 8.68 8.22 7.41 9.01 8.07 10.0 9.19 19
4.81 4.78 4.87 5.28 6.19 6.54 6.43 6.47 11
5.2 4.21 4.85 4.14 6.25 5.53 7.19 6.4 5
6.43 5.25 4.92 3.81 4.84 3.88 6.21 5.36 16
7.02 6.98 7.56 7.72 7.11 7.24 7.08 6.88 9
6.92 5.49 7.02 5.56 7.38 5.86 8.18 6.65 9
7.94 8.36 8.67 9.28 9.35 9.86 9.72 10.01 4
7.89 9.02 7.88 8.9 6.54 7.48 5.59 6.72 0
6.76 7.92 6.07 7.05 4.74 5.69 4.46 5.7 8
6.82 6.31 5.87 5.22 5.28 4.96 5.36 5.35 15
7.65 6.45 8.21 7.12 7.75 6.63 7.62 6.31 15
6.77 6.62 5.79 5.61 5.18 4.65 6.42 5.71 16
5.16 5.62 4.98 5.8 4.98 5.69 5.96 6.37 9
6.73 5.52 6.3 5.36 7.42 6.59 8.62 7.63 13
6.34 6.28 5.08 5.12 5.32 5.0 6.82 6.48 7
6.92 5.5 6.49 5.26 7.37 6.21 7.4 6.16 18
8.41 7.93 8.05 7.62 6.93 6.35 5.97 5.42 11
10.36 9.33 10.9 10.0 11.01 10.07 9.78 8.77 4
9.09 7.62 9.03 7.54 7.61 6.13 6.93 5.51 4
10.3 9.65 8.96 8.44 7.99 7.34 8.54 7.65 9
13.28 12.04 11.91 10.66 11.14 9.99 12.18 11.13 8
12.39 11.27 12.24 11.14 13.28 12.27 13.19 12.27 14
10.38 9.78 10.49 9.96 11.97 11.42 12.47 11.77 8
5.81 5.78 6.07 5.94 7.44 7.41 7.63 7.84 13
7.05 6.28 6.56 5.57 5.24 4.17 4.73 4.04 13
6.01 5.08 6.05 4.82 6.95 5.72 7.94 6.86 13
4.53 5.36 5.61 6.34 6.62 7.15 6.1 6.42 15
6.27 7.64 6.38 7.86 5.68 7.13 4.6 5.97 15
5.89 5.57 7.39 7.09 8.09 7.66 7.36 6.97 1
6.1 5.31 6.41 5.85 6.58 6.31 5.82 5.6 1
6.4 6.57 7.61 7.68 8.78 8.92 8.64 8.74 1
8.46 7.44 9.27 8.42 10.45 9.56 10.14 9.16 19
13.37 12.85 13.02 12.56 11.65 11.14 10.89 10.4 19
6.25 4.84 6.28 4.94 7.67 6.29 8.47 7.05 0
7.07 7.04 7.52 7.77 8.99 9.19 9.33 9.31 19
5.0 3.81 4.4 3.6 5.59 4.88 6.3 5.33 8
5.92 7.15 4.76 5.84 5.66 6.49 7.0 7.89 14
6.73 7.54 5.74 6.79 6.21 7.35 7.61 8.65 19
5.26 4.95 4.49 4.21 5.16 4.48 6.43 5.69 15
4.67 6.12 3.87 5.4 5.14 6.66 6.24 7.76 9
4.78 5.23 4.72 5.07 5.96 6.04 6.29 6.22 1
5.29 5.28 3.99 3.79 3.93 3.54 4.83 4.75 12
5.29 3.99 5.28 3.79 6.7 5.2 7.15 5.7 12
5.41 5.0 4.91 4.33 5.34 4.35 6.59 5.62 13
5.19 5.49 5.75 6.03 6.58 7.13 7.22 7.78 17
3.85 4.41 4.85 5.08 4.97 4.77 4.94 4.76 15
7.98 8.34 7.58 7.69 6.54 6.53 5.66 5.94 2
7.49 6.76 6.86 5.95 6.47 5.78 5.96 5.58 17
5.96 6.25 6.89 7.37 7.27 7.96 6.24 7.01 17
10.86 10.69 10.39 10.08 8.93 8.66 8.75 8.74 19
9.63 9.67 10.07 10.01 8.96 8.91 8.1 8.27 11
9.46 8.07 10.45 9.01 9.75 8.28 8.4 6.98 1
8.96 8.14 8.31 7.69 7.24 6.75 6.68 5.97 4
6.58 6.57 5.59 5.44 6.15 6.14 6.63 6.93 15
4.86 5.94 4.76 5.9 5.39 6.25 5.06 5.65 9
5.36 4.87 6.22 6.03 7.15 6.94 6.55 6.3 1
9.96 8.69 9.51 8.21 8.8 7.39 8.31 6.91 11
7.47 7.16 6.79 6.63 8.04 7.97 9.14 8.87 4
8.53 7.12 7.27 5.94 7.72 6.52 9.2 7.99 9
11.48 10.19 9.98 8.69 9.47 8.13 10.62 9.22 4
7.32 6.18 7.98 6.76 7.86 6.82 8.01 7.14 9
10.01 9.08 9.53 8.47 8.56 7.61 9.17 8.42 10
10.96 9.51 10.88 9.49 9.46 8.09 8.85 7.48 13
6.81 7.61 6.38 7.38 4.94 6.03 4.4 5.19 4
9.11 8.97 8.37 8.02 7.16 6.89 7.73 7.68 15
7.96 6.68 7.62 6.5 6.86 5.92 7.5 6.54 14
6.79 5.67 5.96 4.85 7.01 6.03 7.72 6.89 17
7.25 6.31 5.73 4.82 5.63 5.06 6.75 6.32 16
7.75 8.53 6.51 7.35 5.99 6.56 6.31 6.73 0
7.15 8.55 6.54 8.02 6.24 7.76 5.73 7.17 12
7.15 6.54 8.55 8.02 9.34 8.62 9.03 8.12 12
6.56 6.33 6.62 6.74 5.96 6.28 4.7 4.87 1
6.88 6.05 7.85 6.8 8.6 7.59 8.87 8.07 15
5.19 4.43 6.46 5.75 6.87 6.45 6.66 6.34 4
5.74 6.19 7.09 7.67 7.75 8.3 6.85 7.44 13
4.76 4.76 5.62 5.28 6.85 6.45 6.62 6.26 19
5.93 7.26 6.59 8.02 8.01 9.41 8.36 9.7 19
4.6 3.96 4.68 4.24 5.12 4.36 6.03 5.02 19
6.51 5.78 6.26 5.22 7.67 6.55 8.58 7.58 17
5.0 6.53 4.53 6.05 5.67 7.14 6.84 8.36 17
5.15 5.55 4.08 4.72 5.13 5.84 6.19 6.62 5
7.95 7.5 8.61 8.04 7.7 6.98 6.31 5.73 0
7.41 6.61 5.95 5.09 5.45 4.92 6.36 6.06 7
6.23 6.44 5.21 5.56 3.91 4.14 4.18 4.44 3
7.9 6.42 7.29 5.85 6.67 5.36 6.14 4.83 4
5.75 5.16 7.22 6.61 7.47 7.05 6.5 6.35 8
6.52 6.32 5.03 4.98 4.58 4.14 5.86 5.3 15
6.78 8.19 5.44 6.87 5.17 6.69 5.79 7.26 2
7.11 8.49 6.16 7.48 5.04 6.29 4.97 6.32 4
4.75 5.67 4.89 5.45 5.08 5.36 5.94 6.39 3
6.32 6.08 7.24 7.22 7.35 7.3 7.49 7.14 12
6.32 7.24 6.08 7.22 4.69 5.94 3.89 4.88 12
7.81 7.38 7.53 6.97 6.13 5.66 5.98 5.87 17
5.93 6.75 5.96 6.79 7.1 8.08 8.07 9.0 1
5.1 6.5 4.16 5.39 4.91 5.97 6.31 7.44 2
4.86 6.26 4.42 5.93 4.25 5.74 5.34 6.76 3
4.49 5.21 4.94 5.54 4.29 4.54 4.22 4.18 15
8.28 6.91 7.1 5.81 7.9 6.71 8.99 7.7 17
7.45 6.29 7.48 6.21 6.85 5.43 5.9 4.52 1
8.12 7.73 6.92 6.72 5.92 5.49 6.93 6.23 9
6.64 6.25 5.72 5.43 4.7 4.14 4.63 4.01 0
5.55 6.72 4.12 5.33 3.94 5.39 4.87 6.28 16
6.36 6.26 4.92 5.01 5.03 5.46 6.51 6.95 1
7.94 7.04 7.72 6.89 8.96 8.25 10.03 9.21 17
9.06 7.96 9.46 8.18 8.81 7.49 7.4 6.15 16
6.08 7.28 4.58 5.82 4.61 5.61 6.0 7.01 19
6.65 7.93 5.29 6.62 4.99 6.46 5.65 7.02 16
5.8 7.05 5.18 6.54 4.96 6.14 4.56 5.52 12
5.8 5.18 7.05 6.54 7.57 6.9 7.45 6.5 12
6.39 6.04 6.27 6.28 6.91 7.06 6.55 6.58 14
6.78 5.35 5.9 4.51 6.27 4.82 7.69 6.21 16
6.58 7.68 5.68 6.96 6.82 8.2 7.89 9.19 0
8.07 6.77 9.02 7.77 9.16 8.08 7.9 6.93 9
6.59 5.88 5.78 5.3 6.63 6.1 7.14 6.32 9
6.42 6.53 6.08 5.95 7.49 7.28 8.39 8.2 5
5.83 7.17 5.56 6.74 6.69 7.73 7.74 8.9 13
5.59 6.27 6.29 7.12 7.44 8.35 7.84 8.61 5
4.42 4.88 5.72 6.03 6.33 6.33 6.04 6.04 17
6.48 6.46 8.01 7.96 8.45 8.3 7.54 7.21 1
5.33 5.34 3.87 3.81 4.07 3.68 5.55 5.01 12
5.33 3.87 5.34 3.81 6.49 4.98 7.24 5.75 12
7.43 8.8 6.24 7.56 5.74 6.93 7.06 8.18 9
6.3 5.18 5.86 4.78 6.47 5.67 7.64 6.8 16
6.13 5.94 5.98 5.66 5.8 5.12 6.56 5.8 9
4.29 4.27 5.44 5.29 5.91 5.37 5.76 5.1 5
8.09 6.62 7.81 6.34 6.44 5.02 5.82 4.39 16
9.16 9.38 9.31 9.76 7.98 8.56 7.0 7.39 9
7.67 7.66 7.0 6.8 5.6 5.38 5.76 5.68 13
5.94 6.75 6.01 7.08 4.93 6.07 4.44 5.28 5
6.94 6.56 7.12 6.6 6.71 6.44 6.65 6.67 17
6.25 5.78 5.56 5.46 6.61 6.61 7.9 7.78 19
5.41 6.8 4.02 5.34 4.34 5.5 5.78 6.86 2
5.28 5.35 4.47 4.44 3.99 3.5 5.28 4.62 5
7.77 7.05 8.93 8.03 8.69 7.67 8.26 7.4 3
7.02 7.14 5.63 5.94 6.11 6.74 7.59 8.14 4
6.26 5.08 5.95 4.56 4.54 3.12 3.83 2.68 5
7.54 6.88 6.17 5.64 5.47 4.65 6.42 5.39 5
7.55 8.57 7.94 9.08 6.91 8.05 5.57 6.77 9
4.83 5.13 6.05 6.17 7.2 7.34 6.98 7.03 14
6.27 4.95 5.69 4.25 7.01 5.56 8.07 6.61 16
9.5 8.1 9.15 7.66 8.42 6.96 7.46 6.09 8
7.15 5.93 7.5 6.28 7.37 6.01 7.9 6.44 7
8.33 7.55 8.98 8.03 9.17 8.05 9.3 8.27 11
6.11 5.13 7.48 6.49 7.49 6.68 6.5 5.93 15
6.39 6.11 5.55 5.56 6.21 6.14 6.48 6.05 9
8.34 7.35 6.89 5.86 6.44 5.35 7.71 6.51 7
6.58 6.22 6.21 5.88 5.38 4.78 6.14 5.26 9
6.13 5.33 4.76 3.93 5.36 4.36 6.57 5.4 0
5.76 6.73 5.14 6.17 6.46 7.44 7.48 8.57 7
4.87 5.09 5.27 5.48 6.73 6.84 7.05 6.93 19
9.83 8.78 9.29 8.18 8.21 6.99 7.63 6.5 4
4.78 3.77 4.97 4.32 4.94 4.25 5.48 4.42 16
6.29 7.72 5.5 6.91 4.91 6.4 5.99 7.51 9
6.98 6.18 6.02 5.37 4.72 3.93 5.37 4.22 17
6.86 5.57 5.95 4.86 5.8 4.71 5.87 4.55 17
7.39 8.63 5.98 7.17 5.46 6.81 6.25 7.7 17
6.63 6.27 5.32 5.22 4.36 3.97 5.43 4.76 6
5.65 6.72 4.41 5.33 4.87 5.52 6.35 7.01 5
5.43 6.64 4.84 6.23 4.73 6.19 5.86 7.23 14
4.17 5.26 4.59 5.67 4.19 4.95 4.27 4.74 2
5.23 5.39 6.29 6.32 6.72 7.03 6.67 7.22 2
5.89 5.37 7.38 6.9 7.72 7.4 6.94 6.56 4
7.8 7.46 6.67 6.56 6.4 6.19 7.15 6.62 17
7.07 6.65 5.58 5.14 5.17 5.14 6.44 6.53 5
6.39 7.1 5.28 6.19 4.0 4.8 4.71 5.1 9
7.59 7.45 7.6 7.17 8.79 8.24 9.76 9.38 13
5.69 4.99 6.93 6.2 7.61 6.62 7.53 6.48 14
8.68 7.53 9.19 7.95 9.7 8.34 10.29 8.96 3
7.3 6.82 6.79 6.14 5.95 5.56 5.29 5.16 11
6.86 7.61 6.87 7.87 5.71 6.85 4.55 5.53 17
8.45 7.92 7.63 6.97 6.19 5.62 6.27 5.74 16
6.95 6.59 5.55 5.39 4.7 4.22 5.65 4.86 5
5.21 5.56 3.82 4.44 3.86 4.46 5.35 5.92 3
6.21 4.71 5.07 3.6 5.84 4.52 6.74 5.43 0
9.25 8.48 9.03 8.31 8.69 7.78 7.95 6.91 14
9.44 7.92 9.29 7.83 7.86 6.43 7.27 5.78 11
6.37 5.42 7.75 6.8 8.2 7.48 7.11 6.61 0
9.48 9.03 10.05 9.4 9.0 8.26 7.72 7.01 9
13.57 12.56 12.06 11.08 11.93 11.05 13.23 12.42 14
7.85 8.57 6.61 7.23 7.38 7.78 8.64 9.0 2
5.53 4.85 5.1 4.32 6.28 5.64 7.41 6.71 0
5.43 6.01 4.66 4.94 4.96 4.93 6.27 6.35 14
7.02 6.0 7.54 6.46 7.84 6.57 8.27 6.95 10
5.86 6.25 5.23 5.33 6.53 6.46 7.62 7.63 5
5.69 6.5 6.02 7.04 7.5 8.5 7.94 8.85 1
4.49 5.54 5.33 6.22 6.5 7.26 6.24 6.91 5
5.51 5.26 6.95 6.76 7.76 7.53 7.01 6.88 17
9.66 9.31 9.89 9.72 9.05 9.08 8.91 8.9 18
8.29 9.62 7.27 8.56 5.92 7.26 6.32 7.61 0
7.28 6.18 5.88 4.84 5.1 4.18 6.28 5.49 19
6.14 4.82 5.09 3.79 4.57 3.61 4.91 4.05 13
7.27 8.7 6.69 8.17 5.5 7.01 5.05 6.49 4
7.19 6.19 7.32 6.47 6.1 5.29 4.96 4.1 18
6.75 8.06 5.3 6.58 5.37 6.4 6.53 7.53 14
5.92 7.26 5.01 6.46 4.82 6.31 5.1 6.44 4
9.19 7.77 9.04 7.66 8.09 6.67 7.01 5.54 1
5.32 6.72 5.43 6.93 5.59 7.11 4.96 6.42 1
4.23 4.88 5.28 6.16 6.01 6.7 5.25 5.71 5
8.15 6.75 8.71 7.25 8.58 7.23 7.26 6.0 16
7.83 6.74 8.71 7.56 8.3 7.01 6.82 5.52 5
8.6 7.8 8.97 7.94 8.11 6.99 6.7 5.68 9
5.49 4.71 5.16 4.74 6.07 5.57 7.15 6.42 17
5.79 7.3 4.58 6.08 5.26 6.73 6.7 8.18 17
6.1 7.61 4.74 6.24 4.24 5.73 5.62 7.08 0
6.42 5.34 5.7 4.93 4.52 3.74 5.12 4.04 1
4.53 5.5 5.84 6.6 6.68 7.59 6.61 7.75 14
4.1 4.04 5.15 4.72 5.07 4.63 4.81 4.82 5
11.61 10.4 12.43 11.14 13.81 12.53 13.76 12.5 14
10.39 8.94 9.65 8.28 9.35 8.04 9.28 7.91 14
7.48 6.3 7.22 6.22 5.85 4.87 5.09 3.97 14
6.5 5.37 5.11 3.93 5.45 4.02 6.42 4.98 1
10.09 9.52 8.71 8.24 8.08 7.41 8.67 7.81 8
10.57 9.14 11.82 10.42 12.18 10.74 11.73 10.24 18
8.74 7.33 8.69 7.29 7.64 6.35 6.57 5.24 8
7.5 6.82 6.84 5.97 5.49 4.58 5.18 4.64 2
5.61 5.89 5.9 5.9 7.04 7.18 7.88 8.13 14
7.4 8.84 7.32 8.83 6.38 7.91 5.35 6.83 14
7.81 6.52 6.47 5.15 5.77 4.38 7.02 5.61 14
5.54 5.06 6.6 6.37 7.79 7.4 7.95 7.28 9
6.77 6.1 6.6 6.13 6.38 6.24 5.7 5.56 9
5.02 4.03 4.42 3.78 5.67 5.04 6.3 5.36 9
5.55 7.09 4.13 5.67 4.66 6.1 5.91 7.35 16
6.08 5.77 5.7 5.31 5.93 5.9 7.03 7.09 16
6.31 5.4 6.1 4.9 6.74 5.54 7.85 6.78 13
5.51 6.99 4.18 5.64 3.58 5.11 4.19 5.66 13
5.69 6.43 6.18 7.01 7.0 7.59 6.46 6.79 12
5.69 6.18 6.43 7.01 7.24 8.03 7.69 8.42 12
5.71 5.94 5.19 5.26 5.83 6.13 5.92 6.54 7
6.37 7.89 5.31 6.81 4.98 6.38 5.22 6.59 16
6.54 7.29 5.15 6.05 4.31 4.92 5.23 5.63 18
6.62 5.38 5.23 3.98 5.71 4.36 7.12 5.82 0
7.1 7.21 7.24 7.03 8.52 8.24 9.37 9.29 9
5.66 6.02 6.4 7.04 7.33 7.97 7.78 8.15 7
4.76 5.72 5.1 5.69 5.27 5.73 5.83 6.55 9
5.87 5.4 6.67 6.28 6.24 5.73 5.91 5.06 12
5.87 6.67 5.4 6.28 4.41 5.06 3.57 4.19 12
8.38 7.57 8.5 7.53 7.18 6.18 6.23 5.24 3
4.55 5.18 5.71 6.1 5.91 5.95 5.69 5.75 9
9.3 8.09 10.55 9.31 10.44 9.3 9.04 7.92 10
6.14 4.65 6.27 4.74 7.55 6.03 7.74 6.26 8
9.74 9.6 9.33 9.17 7.84 7.71 7.5 7.59 18
5.51 5.75 6.5 6.51 6.0 5.94 5.13 5.41 9
6.45 6.06 5.92 5.84 6.09 6.3 7.25 7.31 4
5.99 6.03 4.72 4.66 4.98 4.45 6.48 5.92 14
4.83 4.11 4.1 3.87 5.34 5.25 6.49 6.18 15
5.39 5.96 6.57 7.28 7.59 8.29 7.05 7.74 4
4.33 4.69 4.66 4.68 6.03 5.89 6.24 6.12 5
4.84 6.14 4.32 5.79 5.69 7.18 6.69 8.14 15
6.98 7.29 5.83 6.15 6.53 6.61 7.97 8.07 5
6.6 6.19 6.98 6.83 6.15 6.06 5.77 5.33 5
6.21 6.87 5.71 6.21 4.59 4.89 5.02 5.24 13
8.26 8.29 7.82 7.61 6.84 6.75 7.52 7.69 19
8.99 7.51 9.07 7.64 7.78 6.4 7.41 6.08 15
11.23 9.74 11.36 9.91 10.06 8.64 9.03 7.56 8
7.04 7.25 6.75 7.18 5.31 5.79 4.68 5.07 8
5.86 5.82 5.05 5.11 4.21 4.69 4.1 4.55 14
10.08 8.62 9.9 8.39 8.49 6.96 7.81 6.35 14
6.74 8.21 5.43 6.84 4.42 5.93 5.28 6.79 15
7.13 6.55 6.13 5.69 5.07 4.86 5.97 5.83 11
6.74 5.84 5.23 4.31 4.99 4.06 6.2 5.44 0
6.38 5.75 5.61 4.88 5.28 4.93 5.3 5.24 16
6.25 6.72 6.05 6.38 5.1 5.16 4.22 4.43 4
8.95 8.02 8.38 7.68 7.65 7.02 6.95 6.11 6
8.31 7.33 9.49 8.49 9.21 8.13 8.55 7.31 4
12.38 11.3 11.36 10.4 10.34 9.37 11.19 10.16 4
8.8 7.28 9.47 7.98 8.54 7.09 7.19 5.73 5
5.7 6.27 4.87 5.17 5.08 5.48 6.48 6.97 4
6.25 5.92 5.62 5.61 4.8 4.67 5.73 5.24 15
9.84 9.36 8.94 8.54 7.54 7.12 7.73 7.06 16
10.29 9.14 10.12 8.86 8.95 7.75 7.92 6.79 1
12.45 11.04 12.81 11.36 11.72 10.24 10.42 8.97 14
7.68 8.04 6.59 6.79 5.6 5.78 5.72 6.23 0
6.66 7.59 5.56 6.39 5.47 6.49 5.73 6.98 3
7.69 7.07 7.28 6.88 7.11 6.98 6.5 6.31 14
7.96 6.92 8.75 7.84 10.05 9.02 9.86 8.67 14
8.03 7.91 8.41 8.08 7.53 7.0 7.2 6.68 10
5.1 5.21 5.84 6.27 7.03 7.32 7.45 7.45 2
6.45 5.07 6.4 4.9 7.88 6.37 8.54 7.09 13
8.37 8.11 7.43 7.11 6.25 6.16 7.0 7.17 9
6.28 5.4 6.67 5.57 5.88 4.87 5.82 5.16 16
8.09 8.83 7.35 8.18 5.94 6.71 5.73 6.51 16
4.42 3.87 5.1 4.21 6.31 5.31 6.13 5.17 19
6.31 6.57 6.2 6.74 5.07 5.62 3.96 4.36 19
5.9 5.99 7.12 7.38 7.82 7.95 6.94 6.97 13
7.97 6.56 6.77 5.43 6.18 4.99 6.49 5.26 7
7.63 6.5 7.18 5.86 8.48 7.1 9.13 7.83 0
8.11 6.77 6.74 5.49 5.86 4.46 6.57 5.08 18
9.19 8.13 8.31 7.41 6.89 5.94 7.02 5.98 9
6.81 5.99 5.5 4.83 5.97 5.65 7.42 7.02 8
6.3 4.86 7.38 5.88 8.61 7.15 8.34 6.99 13
7.57 6.3 8.85 7.5 9.93 8.66 9.49 8.37 11
5.75 6.28 6.53 7.05 7.59 8.28 7.87 8.56 9
4.11 4.51 5.49 5.76 6.11 6.04 5.66 5.51 14
7.57 6.67 6.77 5.66 5.32 4.31 5.38 4.62 16
4.24 4.96 5.53 6.37 6.4 7.27 5.75 6.68 7
6.79 5.93 5.32 4.57 4.86 4.18 5.93 5.02 7
5.04 4.07 5.43 4.18 6.73 5.55 6.77 5.86 5
6.62 6.55 5.33 5.25 4.6 4.93 5.86 6.35 5
10.2 9.43 10.75 9.86 10.51 9.7 10.04 9.44 19
5.44 6.86 4.95 6.44 4.09 5.47 4.76 5.96 19
4.45 3.68 4.58 4.31 4.86 4.66 5.52 4.94 5
5.35 3.89 6.42 5.04 7.66 6.21 7.47 5.95 3
11.38 10.01 11.5 10.11 10.21 8.87 9.14 7.75 14
6.59 6.97 5.63 5.86 6.45 6.72 7.22 7.74 3
4.67 4.98 3.66 4.25 4.77 5.54 5.84 6.61 5
8.43 7.9 8.49 8.04 9.34 8.71 9.01 8.18 4
9.4 8.62 9.88 9.31 11.34 10.73 11.59 10.83 19
5.99 5.5 7.52 6.99 8.0 7.66 7.31 7.25 0
8.78 8.13 9.75 9.26 10.91 10.3 10.84 10.04 8
8.43 7.32 9.28 8.03 10.26 9.09 9.67 8.65 8
5.62 6.33 6.88 7.73 7.64 8.47 6.81 7.62 7
4.64 4.22 5.42 4.59 6.73 5.95 6.66 6.11 15
8.77 8.56 9.0 8.53 10.38 9.89 11.1 10.78 18
7.11 7.51 7.47 7.63 6.28 6.32 5.2 5.55 16
8.56 7.61 10.02 9.09 10.28 9.3 9.15 8.08 14
7.86 8.85 8.0 8.76 6.89 7.57 5.7 6.58 14
8.18 6.97 9.27 7.97 8.73 7.4 7.76 6.56 18
7.55 6.9 6.34 5.86 7.09 6.86 8.24 8.01 17
6.63 7.23 5.12 5.71 5.02 5.4 6.25 6.72 19
6.59 5.19 5.77 4.36 5.36 3.84 5.32 3.83 6
6.61 6.6 6.74 6.4 5.59 5.07 4.39 4.21 7
7.4 6.23 7.94 6.74 7.13 5.84 6.7 5.27 18
9.77 8.41 9.54 8.32 8.13 6.96 7.87 6.6 11
6.13 5.17 5.99 4.77 6.88 5.75 7.84 6.84 19
5.53 5.87 6.65 6.81 7.87 8.15 7.77 8.14 11
11.67 10.68 11.17 10.04 10.23 9.1 9.7 8.75 18
4.65 5.84 5.05 6.03 5.14 5.8 5.78 6.48 17
5.08 3.97 6.26 5.27 6.21 5.27 5.89 4.72 5
8.26 7.34 7.54 6.82 7.01 6.17 6.5 5.41 1
11.84 11.07 10.67 10.02 9.7 8.93 9.79 8.86 18
7.41 7.38 6.01 6.14 5.88 5.92 7.32 7.37 19
6.69 5.2 5.6 4.09 6.49 5.01 7.38 5.87 4
8.25 7.15 9.62 8.59 9.54 8.71 8.49 7.75 14
6.61 5.83 7.9 7.06 8.46 7.84 7.45 7.04 3
9.23 7.91 8.01 6.72 7.39 5.96 7.58 6.15 18
5.85 5.78 4.37 4.32 4.67 4.51 5.95 5.52 9
6.82 8.15 5.48 6.81 4.8 5.98 6.06 7.07 9
6.01 4.9 5.42 4.36 5.76 5.04 7.1 6.34 8
6.16 5.28 5.92 5.34 5.42 4.76 6.29 5.33 8
9.04 7.65 8.71 7.37 7.32 5.96 7.32 5.84 9
8.19 7.8 7.65 7.01 6.19 5.61 6.23 5.97 17
9.54 8.07 9.71 8.2 8.56 7.07 8.35 6.95 2
6.05 6.25 5.65 5.6 6.58 6.23 6.77 6.42 8
8.57 8.87 9.62 9.79 9.17 9.11 7.74 7.71 11
8.72 7.58 9.58 8.54 9.07 8.05 8.73 7.55 14
5.0 4.31 6.14 5.61 7.36 6.64 7.24 6.25 11
5.52 4.57 5.44 4.49 6.89 5.98 7.72 6.65 16
6.25 7.75 5.41 6.81 6.34 7.67 7.7 9.07 9
5.16 5.05 3.91 4.08 3.88 3.73 5.38 5.11 2
7.18 5.69 5.81 4.38 5.41 3.95 5.99 4.48 16
7.19 6.95 6.4 6.38 7.28 7.2 7.72 7.34 4
7.08 8.23 6.72 7.76 5.26 6.26 4.71 5.96 11
5.96 6.41 7.46 7.9 7.82 8.11 6.88 7.23 15
5.73 6.75 7.09 8.02 8.1 9.05 7.7 8.56 2
5.55 6.3 6.78 7.46 7.7 8.56 7.04 8.12 12
5.55 6.78 6.3 7.46 7.7 8.85 8.0 9.27 12
4.71 4.7 5.24 5.18 5.92 5.47 5.22 4.47 16
6.69 5.81 5.55 4.49 5.61 4.44 5.96 5.07 10
9.11 9.11 8.24 8.09 7.39 7.11 8.4 8.09 10
6.4 6.37 6.45 6.3 7.8 7.48 8.63 8.43 9
8.1 6.74 8.45 6.98 9.69 8.24 9.66 8.32 7
11.25 10.1 11.58 10.48 10.38 9.29 9.62 8.4 14
7.09 7.4 5.96 6.23 5.4 5.36 6.72 6.5 3
4.64 4.82 4.14 4.41 4.28 5.02 5.52 6.26 0
9.66 8.67 10.46 9.64 9.8 9.11 9.35 8.55 13
9.21 7.93 9.84 8.5 8.93 7.53 7.52 6.15 3
8.44 7.25 9.6 8.32 9.23 7.83 7.77 6.35 14
4.81 5.06 6.14 6.33 7.18 7.27 6.75 6.65 4
5.57 5.19 7.08 6.6 7.51 6.77 6.75 5.97 19
9.12 8.35 10.37 9.58 11.41 10.71 11.13 10.43 4
7.61 7.5 8.59 8.25 9.51 9.26 9.55 9.53 3
9.97 8.91 10.84 9.72 10.26 9.2 9.46 8.56 14
6.05 7.17 4.9 6.04 4.86 5.68 5.86 6.56 5
5.12 6.58 4.95 6.48 5.3 6.79 5.48 6.88 6
4.18 3.86 4.35 3.8 5.62 5.23 5.99 5.86 2
8.92 7.81 9.46 8.41 8.45 7.53 7.09 6.11 17
5.55 4.53 6.05 4.79 5.61 4.17 4.99 3.66 16
8.52 7.9 8.05 7.5 6.59 6.02 6.35 5.63 14
8.09 8.13 7.24 7.22 6.36 6.11 6.97 6.67 2
8.59 7.97 7.46 6.93 7.23 7.0 8.37 8.16 12
8.59 7.46 7.97 6.93 6.49 5.48 6.42 5.51 12
9.18 8.4 7.72 6.91 7.27 6.36 8.59 7.69 19
13.1 12.12 11.81 10.76 10.89 9.93 11.7 10.88 19
7.52 6.11 6.09 4.7 5.33 3.94 6.31 5.07 17
8.3 7.44 8.03 7.25 6.88 5.99 5.89 4.99 16
4.87 6.28 4.16 5.47 5.31 6.59 6.53 7.84 2
5.49 6.96 4.37 5.89 4.4 5.87 5.87 7.31 9
5.88 6.51 5.1 5.65 4.03 4.34 4.88 4.96 18
4.67 3.78 5.2 4.68 5.13 4.92 5.44 5.04 0
5.35 5.51 6.56 6.9 7.38 7.72 6.62 6.99 16
4.82 5.82 5.41 6.19 6.75 7.46 6.77 7.45 5
4.92 6.31 4.41 5.81 5.79 7.18 6.6 8.07 14
6.66 6.22 5.38 4.77 6.05 5.12 7.19 6.36 17
9.86 8.91 11.34 10.43 11.71 10.82 10.61 9.81 6
10.98 9.91 9.62 8.49 8.87 7.87 10.01 9.11 4
9.73 8.89 11.15 10.38 11.77 10.94 11.3 10.32 4
6.18 5.46 5.71 5.33 4.43 4.25 4.73 4.38 0
7.45 8.33 7.1 7.79 5.63 6.33 5.13 5.95 17
8.07 9.04 8.25 9.39 7.09 8.27 5.88 7.0 9
6.89 6.33 6.04 5.65 4.84 4.66 4.67 4.21 4
9.26 8.73 9.19 8.56 8.29 7.82 7.23 6.88 4
5.96 7.4 5.08 6.43 3.69 5.13 4.22 5.75 7
5.55 5.28 5.49 5.32 4.55 4.77 4.8 5.23 6
5.97 4.79 7.49 6.26 8.06 6.96 7.42 6.55 6
5.37 4.46 6.01 5.08 5.58 4.98 4.91 4.6 16
8.86 8.79 9.0 8.67 7.67 7.24 6.68 6.5 14
6.3 7.63 4.77 6.11 4.7 5.8 6.01 7.08 17
7.16 6.33 5.9 5.3 5.86 5.4 6.45 5.73 19
7.44 6.03 8.76 7.41 8.84 7.56 8.16 6.85 17
8.36 7.09 9.23 7.97 8.55 7.27 7.49 6.1 19
5.49 6.26 5.46 6.54 6.59 7.71 7.64 8.59 15
4.2 4.35 4.16 3.84 4.46 3.76 5.5 4.99 2
8.9 7.86 9.07 8.19 8.23 7.33 8.09 6.97 6
7.68 7.62 6.66 6.55 5.56 5.72 6.38 6.78 5
6.25 7.25 4.96 6.07 3.93 4.96 4.84 5.54 8
6.8 8.3 5.36 6.84 5.35 6.71 6.46 7.83 15
6.94 5.42 6.04 4.56 5.8 4.37 7.01 5.56 19
8.81 7.59 8.79 7.71 7.56 6.62 6.52 5.42 11
7.7 6.29 7.19 5.94 5.79 4.58 5.87 4.56 0
6.64 5.56 5.67 4.39 5.33 4.09 6.61 5.48 8
7.93 7.49 7.05 6.48 5.97 5.28 5.72 5.32 5
6.68 6.87 6.52 6.96 5.67 6.01 4.56 4.72 0
7.99 6.56 6.71 5.25 5.63 4.23 6.39 5.17 15
8.8 7.56 8.23 7.13 7.41 6.46 6.94 5.87 17
6.29 5.97 5.11 5.03 5.44 5.22 6.02 5.41 4
7.7 6.25 8.93 7.44 9.91 8.44 9.29 7.85 9
9.65 8.25 10.55 9.19 9.97 8.72 8.64 7.42 10
10.02 9.5 9.14 8.45 7.9 7.34 8.14 7.84 10
10.75 9.35 9.79 8.33 8.47 7.05 8.88 7.58 4
6.95 6.38 5.53 4.95 5.65 5.35 7.15 6.84 3
5.26 5.07 4.4 4.57 4.35 4.88 5.46 5.8 0
8.12 6.75 7.84 6.6 6.85 5.61 6.94 5.53 19
6.02 5.64 4.64 4.29 4.77 3.94 6.2 5.29 9
6.5 5.99 5.07 4.63 5.34 4.68 6.75 5.94 14
6.63 6.91 5.93 6.51 7.19 7.89 8.32 8.85 0
4.79 5.67 4.29 5.45 5.52 6.64 6.34 7.24 13
7.0 8.42 5.83 7.32 6.32 7.83 7.49 8.94 11
8.08 6.7 9.41 8.04 9.7 8.25 8.67 7.17 12
8.08 9.41 6.7 8.04 5.8 7.16 6.89 8.25 12
6.64 5.16 7.07 5.56 8.44 6.95 8.64 7.21 4
6.95 5.7 6.12 5.03 4.71 3.55 5.02 3.61 4
6.73 5.31 5.26 3.86 5.51 4.23 6.91 5.57 4
10.03 8.63 9.38 8.1 7.91 6.62 7.81 6.38 9
6.36 4.89 5.72 4.3 6.08 4.63 7.18 5.68 4
7.68 6.29 6.42 5.11 5.59 4.16 6.34 4.82 4
8.83 8.15 8.49 7.59 7.01 6.1 6.57 5.91 16
9.21 8.13 9.42 8.5 8.14 7.35 7.06 6.11 6
6.61 6.59 5.62 5.91 4.55 4.79 4.94 4.7 5
7.53 6.1 6.05 4.59 6.08 4.6 7.43 5.99 3
9.67 8.56 8.69 7.7 9.63 8.71 10.82 9.77 2
10.78 9.86 10.15 9.26 9.1 8.08 9.05 7.95 2
6.87 5.74 7.32 6.35 8.78 7.76 9.12 7.94 3
6.01 5.51 4.93 4.77 3.7 3.39 4.46 3.63 3
8.64 7.41 7.18 6.0 7.21 5.96 8.68 7.38 9
8.81 8.33 9.99 9.34 10.25 9.51 9.65 9.06 9
11.17 9.81 9.94 8.54 9.65 8.19 10.69 9.28 14
8.36 8.1 8.99 8.95 9.83 9.7 9.67 9.32 19
9.34 7.92 8.41 7.1 8.75 7.53 9.74 8.46 19
8.84 8.49 9.36 9.22 10.81 10.64 11.09 10.75 19
8.65 8.78 8.41 8.28 9.8 9.56 10.65 10.58 18
6.78 5.69 6.79 5.55 6.78 5.37 6.72 5.37 7
5.22 4.38 4.45 4.06 5.56 5.36 6.61 6.13 19
5.41 6.76 3.96 5.27 4.4 5.43 5.88 6.93 16
9.35 8.66 10.16 9.65 11.45 10.89 11.49 10.75 19
6.25 5.84 5.21 5.06 5.54 5.28 6.71 6.18 19
6.52 6.01 6.18 5.58 5.35 5.07 5.22 5.21 17
6.46 6.01 5.73 5.44 4.32 3.95 4.44 3.82 11
12.32 11.82 10.92 10.44 10.1 9.52 11.15 10.52 19
5.41 5.26 6.42 5.94 7.65 7.26 7.5 7.41 12
5.41 6.42 5.26 5.94 6.34 6.94 6.96 7.81 12
9.06 8.08 7.82 6.82 6.82 6.0 7.71 7.01 19
4.76 3.75 4.47 3.85 4.63 3.95 5.0 3.92 19
9.18 8.89 9.6 9.31 8.6 8.44 7.62 7.6 19
10.18 9.37 11.7 10.87 12.25 11.57 11.15 10.61 19
6.02 6.58 7.41 8.07 7.67 8.42 6.46 7.24 13
4.85 4.43 6.05 5.34 6.99 6.27 6.42 5.86 15
7.4 6.87 7.58 6.76 9.06 8.21 9.59 8.93 9
6.82 6.14 5.64 4.99 6.46 5.93 7.85 7.28 0
5.84 6.36 5.33 6.15 6.4 7.38 7.34 8.16 16
6.91 5.42 6.08 4.68 5.96 4.67 6.83 5.48 0
9.47 8.29 9.9 8.67 9.39 8.3 8.38 7.4 2
7.12 5.8 8.24 6.88 8.4 7.18 7.46 6.39 0
4.11 4.08 5.49 5.59 6.23 6.17 5.62 5.29 5
6.55 6.61 7.8 7.79 8.93 8.98 8.54 8.63 3
7.77 8.13 6.76 6.9 6.27 6.41 7.25 7.58 19
7.41 5.9 7.31 5.81 6.48 5.08 6.33 4.98 10
6.71 6.17 6.2 5.66 7.47 6.81 8.51 7.82 17
5.81 4.61 5.15 4.14 6.41 5.43 7.43 6.27 15
7.09 5.95 5.6 4.55 5.45 4.29 6.8 5.52 7
4.57 4.77 5.92 6.06 6.81 6.7 6.28 6.08 4
11.72 11.22 11.54 11.22 10.09 9.83 9.48 9.06 13
6.9 5.91 5.88 4.7 5.44 4.34 6.44 5.56 9
7.67 6.53 7.72 6.51 6.84 5.5 6.45 5.06 1
6.04 6.47 6.82 7.48 7.16 7.71 6.91 7.17 16
6.27 7.63 6.13 7.6 4.96 6.43 4.65 5.97 5
7.3 6.63 6.55 5.76 5.09 4.34 5.23 4.62 3
6.8 6.06 6.0 5.28 6.94 6.04 7.9 6.86 11
6.0 4.64 6.49 5.35 7.82 6.61 7.97 6.61 16
8.78 8.19 7.3 6.8 7.24 6.96 8.57 8.22 4
7.79 6.33 6.58 5.09 5.61 4.23 6.61 5.36 6
11.63 11.36 13.1 12.76 13.16 12.68 11.8 11.29 19
5.83 4.42 7.07 5.61 8.16 6.77 7.82 6.53 15
12.02 11.4 12.2 11.55 10.87 10.21 9.89 9.24 19
5.75 4.77 4.23 3.31 4.06 3.62 5.53 5.07 0
5.97 7.49 4.89 6.42 3.62 5.15 4.34 5.76 6
5.26 6.64 4.89 6.34 3.94 5.27 3.82 4.97 4
5.54 4.75 5.71 5.19 5.7 5.52 5.48 5.27 15
6.29 5.8 5.67 5.1 6.16 5.89 6.93 6.81 2
11.94 11.37 13.39 12.8 14.17 13.68 13.3 12.87 19
6.22 6.72 5.27 5.84 6.38 6.91 7.64 8.13 0
4.44 4.78 4.47 4.85 5.96 6.26 6.6 6.83 10
7.38 6.43 8.83 7.83 9.68 8.7 8.9 8.0 9
6.33 5.84 7.7 7.04 8.45 7.9 7.67 7.35 17
9.94 8.6 11.34 9.96 11.5 10.04 10.23 8.77 13
5.38 5.25 5.36 5.06 5.37 5.43 5.59 5.95 1
6.38 6.9 6.72 7.08 6.48 7.03 5.8 6.63 4
6.76 7.12 5.61 5.81 4.87 4.97 5.68 5.97 0
7.09 6.64 7.0 6.63 8.34 7.84 8.73 8.02 16
8.94 7.66 9.13 8.02 9.62 8.54 10.36 9.15 11
8.52 7.29 8.51 7.47 7.17 6.24 6.73 5.65 4
9.38 8.11 10.39 9.16 10.27 9.0 9.94 8.55 14
9.79 9.2 11.16 10.62 12.04 11.5 11.27 10.8 14
4.98 4.14 5.8 5.0 6.81 5.77 6.37 5.1 11
7.43 6.77 7.6 6.66 9.09 8.12 9.69 8.89 6
7.87 6.95 6.62 5.83 7.36 6.74 8.68 8.07 12
7.87 6.62 6.95 5.83 6.85 5.96 8.19 7.27 12
7.4 6.23 5.87 4.72 5.61 4.76 6.85 6.01 17
7.51 5.99 6.39 4.87 5.12 3.6 5.68 4.26 6
8.67 7.33 8.32 7.14 6.85 5.7 6.36 5.03 15
8.81 7.33 8.92 7.55 7.59 6.28 6.96 5.59 19
7.0 6.24 6.57 5.68 7.12 6.43 8.39 7.75 0
6.15 4.89 5.29 4.21 5.94 5.14 7.34 6.43 19
12.5 12.1 11.46 11.04 10.87 10.64 12.06 11.94 19
7.29 5.92 5.9 4.51 5.41 3.93 6.76 5.26 4
5.1 5.71 6.2 6.99 6.9 7.52 6.04 6.49 4
5.04 6.37 6.15 7.36 7.37 8.62 7.19 8.43 5
5.91 6.89 6.38 7.44 7.81 8.8 8.34 9.35 2
8.38 8.6 8.67 8.97 7.53 7.79 6.28 6.63 19
8.49 7.27 7.89 6.84 7.25 6.14 6.71 5.4 15
5.52 5.95 7.0 7.47 7.61 8.04 6.77 7.05 0
6.83 5.66 5.81 4.53 6.85 5.5 7.98 6.74 5
6.74 5.8 5.75 4.95 6.47 5.57 7.08 5.92 9
7.54 6.72 7.34 6.26 6.09 4.97 5.12 4.27 5
7.32 8.33 7.53 8.74 6.26 7.57 5.33 6.51 14
5.89 6.93 6.22 7.07 5.26 6.09 4.97 6.09 12
5.89 6.22 6.93 7.07 8.04 8.09 7.9 8.11 12
5.59 5.02 6.7 6.35 6.51 6.38 6.02 5.72 18
4.41 3.15 3.74 2.74 3.77 2.63 5.04 3.68 5
5.85 6.96 4.39 5.52 4.31 5.7 5.75 7.14 13
6.6 6.2 5.21 5.0 4.75 4.29 5.5 4.65 16
9.57 9.51 8.31 8.41 7.2 7.13 7.93 7.62 4
6.84 5.63 6.38 5.0 4.89 3.51 4.58 3.53 15
8.78 7.46 10.05 8.8 10.06 8.9 8.7 7.61 14
5.79 5.71 6.7 6.72 7.59 7.34 6.93 6.42 6
5.69 4.67 5.71 5.06 6.93 6.29 7.63 6.73 5
7.8 8.26 7.93 8.61 6.63 7.41 5.73 6.29 2
6.39 7.56 6.17 7.14 4.81 5.78 4.11 5.35 8
5.77 4.67 5.99 5.2 5.34 4.83 4.43 3.79 10
6.26 5.23 5.18 4.21 4.67 4.12 5.37 4.87 4
6.96 8.47 5.79 7.25 4.6 6.1 5.34 6.86 11
6.56 7.21 5.69 6.61 4.53 5.36 5.13 5.57 12
6.56 5.69 7.21 6.61 8.01 7.36 7.35 6.58 12
6.63 5.21 5.52 4.21 5.61 4.27 6.89 5.45 15
8.98 8.16 8.73 7.93 8.59 7.58 9.05 7.93 4
6.6 5.54 8.06 6.94 8.28 7.23 7.35 6.52 6
5.14 5.65 6.41 7.06 7.09 7.57 6.2 6.57 0
5.61 5.1 6.2 5.33 6.37 5.38 5.27 4.4 2
7.37 5.88 7.35 5.83 6.33 4.83 5.16 3.65 0
10.82 9.54 10.55 9.17 9.2 7.79 8.44 7.15 4
9.14 8.17 9.98 9.18 10.83 10.0 11.04 10.04 4
6.2 5.07 4.78 3.72 5.16 4.42 6.3 5.66 18
5.68 7.12 4.59 6.08 4.26 5.77 4.54 5.94 2
5.51 6.06 5.37 6.01 4.81 5.14 3.83 3.98 8
6.74 5.49 6.77 5.35 8.21 6.79 9.01 7.64 4
10.16 9.46 9.69 9.21 10.43 10.02 11.71 11.18 14
9.92 9.02 9.24 8.33 7.97 7.19 7.54 6.73 13
8.76 7.33 8.43 6.97 6.97 5.5 6.66 5.17 9
7.49 6.23 7.33 6.1 5.9 4.72 5.23 3.87 1
7.64 8.18 6.94 7.59 5.55 6.31 5.88 6.73 1
7.38 7.89 6.08 6.54 5.08 5.58 6.05 6.37 19
9.5 8.39 10.18 9.11 9.46 8.35 7.98 6.88 4
8.95 8.58 7.89 7.39 8.0 7.63 8.35 8.23 14
7.33 6.86 6.15 5.54 4.98 4.53 5.48 5.42 3
5.92 7.1 5.17 6.52 4.31 5.58 3.95 4.95 0
6.31 5.51 5.9 5.28 5.99 5.72 5.56 5.37 17
5.82 4.51 6.92 5.69 8.03 6.67 7.59 6.12 17
6.36 6.43 6.99 7.05 8.43 8.48 8.69 8.87 13
9.44 8.29 9.6 8.32 10.93 9.67 11.1 9.97 10
12.89 11.87 11.87 10.97 10.68 9.72 10.68 9.56 14
5.69 6.52 4.47 5.35 4.66 5.84 5.25 6.53 3
7.26 8.67 5.78 7.22 5.24 6.55 6.25 7.42 9
6.67 6.62 5.47 5.53 4.58 4.91 5.73 6.19 14
7.18 6.23 7.06 5.87 5.92 4.69 6.04 5.06 11
9.63 9.03 8.94 8.16 7.5 6.75 7.66 7.04 6
7.4 7.58 7.3 7.67 5.92 6.33 5.54 5.59 2
5.02 5.16 5.02 4.74 4.15 3.93 4.41 4.68 17
6.93 5.95 8.06 7.22 9.17 8.29 8.69 7.86 14
8.39 8.18 8.73 8.61 10.22 10.07 10.7 10.59 9
9.34 8.68 8.22 7.41 9.01 8.07 10.0 9.19 19
4.81 4.78 4.87 5.28 6.19 6.54 6.43 6.47 11
5.2 4.21 4.85 4.14 6.25 5.53 7.19 6.4 5
6.43 5.25 4.92 3.81 4.84 3.88 6.21 5.36 16
7.02 6.98 7.56 7.72 7.11 7.24 7.08 6.88 9
6.92 5.49 7.02 5.56 7.38 5.86 8.18 6.65 9
7.94 8.36 8.67 9.28 9.35 9.86 9.72 10.01 4
7.89 9.02 7.88 8.9 6.54 7.48 5.59 6.72 0
6.76 7.92 6.07 7.05 4.74 5.69 4.46 5.7 8
6.82 6.31 5.87 5.22 5.28 4.96 5.36 5.35 15
7.65 6.45 8.21 7.12 7.75 6.63 7.62 6.31 15
6.77 6.62 5.79 5.61 5.18 4.65 6.42 5.71 16
5.16 5.62 4.98 5.8 4.98 5.69 5.96 6.37 9
6.73 5.52 6.3 5.36 7.42 6.59 8.62 7.63 13
6.34 6.28 5.08 5.12 5.32 5.0 6.82 6.48 7
6.92 5.5 6.49 5.26 7.37 6.21 7.4 6.16 18
8.41 7.93 8.05 7.62 6.93 6.35 5.97 5.42 11
10.36 9.33 10.9 10.0 11.01 10.07 9.78 8.77 4
9.09 7.62 9.03 7.54 7.61 6.13 6.93 5.51 4
10.3 9.65 8.96 8.44 7.99 7.34 8.54 7.65 9
13.28 12.04 11.91 10.66 11.14 9.99 12.18 11.13 8
12.39 11.27 12.24 11.14 13.28 12.27 13.19 12.27 14
10.38 9.78 10.49 9.96 11.97 11.42 12.47 11.77 8
5.81 5.78 6.07 5.94 7.44 7.41 7.63 7.84 13
7.05 6.28 6.56 5.57 5.24 4.17 4.73 4.04 13
6.01 5.08 6.05 4.82 6.95 5.72 7.94 6.86 13
4.53 5.36 5.61 6.34 6.62 7.15 6.1 6.42 15
6.27 7.64 6.38 7.86 5.68 7.13 4.6 5.97 15
5.89 5.57 7.39 7.09 8.09 7.66 7.36 6.97 1
6.1 5.31 6.41 5.85 6.58 6.31 5.82 5.6 1
6.4 6.57 7.61 7.68 8.78 8.92 8.64 8.74 1
8.46 7.44 9.27 8.42 10.45 9.56 10.14 9.16 19
13.37 12.85 13.02 12.56 11.65 11.14 10.89 10.4 19
6.25 4.84 6.28 4.94 7.67 6.29 8.47 7.05 0
7.07 7.04 7.52 7.77 8.99 9.19 9.33 9.31 19
5.0 3.81 4.4 3.6 5.59 4.88 6.3 5.33 8
5.92 7.15 4.76 5.84 5.66 6.49 7.0 7.89 14
6.73 7.54 5.74 6.79 6.21 7.35 7.61 8.65 19
5.26 4.95 4.49 4.21 5.16 4.48 6.43 5.69 15
4.67 6.12 3.87 5.4 5.14 6.66 6.24 7.76 9
4.78 5.23 4.72 5.07 5.96 6.04 6.29 6.22 1
5.29 5.28 3.99 3.79 3.93 3.54 4.83 4.75 12
5.29 3.99 5.28 3.79 6.7 5.2 7.15 5.7 12
5.41 5.0 4.91 4.33 5.34 4.35 6.59 5.62 13
5.19 5.49 5.75 6.03 6.58 7.13 7.22 7.78 17
3.85 4.41 4.85 5.08 4.97 4.77 4.94 4.76 15
7.98 8.34 7.58 7.69 6.54 6.53 5.66 5.94 2
7.49 6.76 6.86 5.95 6.47 5.78 5.96 5.58 17
5.96 6.25 6.89 7.37 7.27 7.96 6.24 7.01 17
10.86 10.69 10.39 10.08 8.93 8.66 8.75 8.74 19
9.63 9.67 10.07 10.01 8.96 8.91 8.1 8.27 11
9.46 8.07 10.45 9.01 9.75 8.28 8.4 6.98 1
8.96 8.14 8.31 7.69 7.24 6.75 6.68 5.97 4
6.58 6.57 5.59 5.44 6.15 6.14 6.63 6.93 15
4.86 5.94 4.76 5.9 5.39 6.25 5.06 5.65 9
5.36 4.87 6.22 6.03 7.15 6.94 6.55 6.3 1
9.96 8.69 9.51 8.21 8.8 7.39 8.31 6.91 11
7.47 7.16 6.79 6.63 8.04 7.97 9.14 8.87 4
8.53 7.12 7.27 5.94 7.72 6.52 9.2 7.99 9
11.48 10.19 9.98 8.69 9.47 8.13 10.62 9.22 4
7.32 6.18 7.98 6.76 7.86 6.82 8.01 7.14 9
10.01 9.08 9.53 8.47 8.56 7.61 9.17 8.42 10
10.96 9.51 10.88 9.49 9.46 8.09 8.85 7.48 13
6.81 7.61 6.38 7.38 4.94 6.03 4.4 5.19 4
9.11 8.97 8.37 8.02 7.16 6.89 7.73 7.68 15
7.96 6.68 7.62 6.5 6.86 5.92 7.5 6.54 14
6.79 5.67 5.96 4.85 7.01 6.03 7.72 6.89 17
7.25 6.31 5.73 4.82 5.63 5.06 6.75 6.32 16
7.75 8.53 6.51 7.35 5.99 6.56 6.31 6.73 0
7.15 8.55 6.54 8.02 6.24 7.76 5.73 7.17 12
7.15 6.54 8.55 8.02 9.34 8.62 9.03 8.12 12
6.56 6.33 6.62 6.74 5.96 6.28 4.7 4.87 1
6.88 6.05 7.85 6.8 8.6 7.59 8.87 8.07 15
5.19 4.43 6.46 5.75 6.87 6.45 6.66 6.34 4
5.74 6.19 7.09 7.67 7.75 8.3 6.85 7.44 13
4.76 4.76 5.62 5.28 6.85 6.45 6.62 6.26 19
5.93 7.26 6.59 8.02 8.01 9.41 8.36 9.7 19
4.6 3.96 4.68 4.24 5.12 4.36 6.03 5.02 19
6.51 5.78 6.26 5.22 7.67 6.55 8.58 7.58 17
5.0 6.53 4.53 6.05 5.67 7.14 6.84 8.36 17
5.15 5.55 4.08 4.72 5.13 5.84 6.19 6.62 5
7.95 7.5 8.61 8.04 7.7 6.98 6.31 5.73 0
7.41 6.61 5.95 5.09 5.45 4.92 6.36 6.06 7
6.23 6.44 5.21 5.56 3.91 4.14 4.18 4.44 3
7.9 6.42 7.29 5.85 6.67 5.36 6.14 4.83 4
5.75 5.16 7.22 6.61 7.47 7.05 6.5 6.35 8
6.52 6.32 5.03 4.98 4.58 4.14 5.86 5.3 15
6.78 8.19 5.44 6.87 5.17 6.69 5.79 7.26 2
7.11 8.49 6.16 7.48 5.04 6.29 4.97 6.32 4
4.75 5.67 4.89 5.45 5.08 5.36 5.94 6.39 3
6.32 6.08 7.24 7.22 7.35 7.3 7.49 7.14 12
6.32 7.24 6.08 7.22 4.69 5.94 3.89 4.88 12
7.81 7.38 7.53 6.97 6.13 5.66 5.98 5.87 17
5.93 6.75 5.96 6.79 7.1 8.08 8.07 9.0 1
5.1 6.5 4.16 5.39 4.91 5.97 6.31 7.44 2
4.86 6.26 4.42 5.93 4.25 5.74 5.34 6.76 3
4.49 5.21 4.94 5.54 4.29 4.54 4.22 4.18 15
8.28 6.91 7.1 5.81 7.9 6.71 8.99 7.7 17
7.45 6.29 7.48 6.21 6.85 5.43 5.9 4.52 1
8.12 7.73 6.92 6.72 5.92 5.49 6.93 6.23 9
6.64 6.25 5.72 5.43 4.7 4.14 4.63 4.01 0
5.55 6.72 4.12 5.33 3.94 5.39 4.87 6.28 16
6.36 6.26 4.92 5.01 5.03 5.46 6.51 6.95 1
7.94 7.04 7.72 6.89 8.96 8.25 10.03 9.21 17
9.06 7.96 9.46 8.18 8.81 7.49 7.4 6.15 16
6.08 7.28 4.58 5.82 4.61 5.61 6.0 7.01 19
6.65 7.93 5.29 6.62 4.99 6.46 5.65 7.02 16
5.8 7.05 5.18 6.54 4.96 6.14 4.56 5.52 12
5.8 5.18 7.05 6.54 7.57 6.9 7.45 6.5 12
6.39 6.04 6.27 6.28 6.91 7.06 6.55 6.58 14
6.78 5.35 5.9 4.51 6.27 4.82 7.69 6.21 16
6.58 7.68 5.68 6.96 6.82 8.2 7.89 9.19 0
8.07 6.77 9.02 7.77 9.16 8.08 7.9 6.93 9
6.59 5.88 5.78 5.3 6.63 6.1 7.14 6.32 9
6.42 6.53 6.08 5.95 7.49 7.28 8.39 8.2 5
5.83 7.17 5.56 6.74 6.69 7.73 7.74 8.9 13
5.59 6.27 6.29 7.12 7.44 8.35 7.84 8.61 5
4.42 4.88 5.72 6.03 6.33 6.33 6.04 6.04 17
6.48 6.46 8.01 7.96 8.45 8.3 7.54 7.21 1
5.33 5.34 3.87 3.81 4.07 3.68 5.55 5.01 12
5.33 3.87 5.34 3.81 6.49 4.98 7.24 5.75 12
7.43 8.8 6.24 7.56 5.74 6.93 7.06 8.18 9
6.3 5.18 5.86 4.78 6.47 5.67 7.64 6.8 16
6.13 5.94 5.98 5.66 5.8 5.12 6.56 5.8 9
4.29 4.27 5.44 5.29 5.91 5.37 5.76 5.1 5
8.09 6.62 7.81 6.34 6.44 5.02 5.82 4.39 16
9.16 9.38 9.31 9.76 7.98 8.56 7.0 7.39 9
7.67 7.66 7.0 6.8 5.6 5.38 5.76 5.68 13
5.94 6.75 6.01 7.08 4.93 6.07 4.44 5.28 5
6.94 6.56 7.12 6.6 6.71 6.44 6.65 6.67 17
6.25 5.78 5.56 5.46 6.61 6.61 7.9 7.78 19
5.41 6.8 4.02 5.34 4.34 5.5 5.78 6.86 2
5.28 5.35 4.47 4.44 3.99 3.5 5.28 4.62 5
7.77 7.05 8.93 8.03 8.69 7.67 8.26 7.4 3
7.02 7.14 5.63 5.94 6.11 6.74 7.59 8.14 4
6.26 5.08 5.95 4.56 4.54 3.12 3.83 2.68 5
7.54 6.88 6.17 5.64 5.47 4.65 6.42 5.39 5
7.55 8.57 7.94 9.08 6.91 8.05 5.57 6.77 9
4.83 5.13 6.05 6.17 7.2 7.34 6.98 7.03 14
6.27 4.95 5.69 4.25 7.01 5.56 8.07 6.61 16
9.5 8.1 9.15 7.66 8.42 6.96 7.46 6.09 8
7.15 5.93 7.5 6.28 7.37 6.01 7.9 6.44 7
8.33 7.55 8.98 8.03 9.17 8.05 9.3 8.27 11
6.11 5.13 7.48 6.49 7.49 6.68 6.5 5.93 15
6.39 6.11 5.55 5.56 6.21 6.14 6.48 6.05 9
8.34 7.35 6.89 5.86 6.44 5.35 7.71 6.51 7
6.58 6.22 6.21 5.88 5.38 4.78 6.14 5.26 9
6.13 5.33 4.76 3.93 5.36 4.36 6.57 5.4 0
5.76 6.73 5.14 6.17 6.46 7.44 7.48 8.57 7
4.87 5.09 5.27 5.48 6.73 6.84 7.05 6.93 19
9.83 8.78 9.29 8.18 8.21 6.99 7.63 6.5 4
4.78 3.77 4.97 4.32 4.94 4.25 5.48 4.42 16
6.29 7.72 5.5 6.91 4.91 6.4 5.99 7.51 9
6.98 6.18 6.02 5.37 4.72 3.93 5.37 4.22 17
6.86 5.57 5.95 4.86 5.8 4.71 5.87 4.55 17
7.39 8.63 5.98 7.17 5.46 6.81 6.25 7.7 17
6.63 6.27 5.32 5.22 4.36 3.97 5.43 4.76 6
5.65 6.72 4.41 5.33 4.87 5.52 6.35 7.01 5
5.43 6.64 4.84 6.23 4.73 6.19 5.86 7.23 14
4.17 5.26 4.59 5.67 4.19 4.95 4.27 4.74 2
5.23 5.39 6.29 6.32 6.72 7.03 6.67 7.22 2
5.89 5.37 7.38 6.9 7.72 7.4 6.94 6.56 4
7.8 7.46 6.67 6.56 6.4 6.19 7.15 6.62 17
7.07 6.65 5.58 5.14 5.17 5.14 6.44 6.53 5
6.39 7.1 5.28 6.19 4.0 4.8 4.71 5.1 9
7.59 7.45 7.6 7.17 8.79 8.24 9.76 9.38 13
5.69 4.99 6.93 6.2 7.61 6.62 7.53 6.48 14
8.68 7.53 9.19 7.95 9.7 8.34 10.29 8.96 3
7.3 6.82 6.79 6.14 5.95 5.56 5.29 5.16 11
6.86 7.61 6.87 7.87 5.71 6.85 4.55 5.53 17
8.45 7.92 7.63 6.97 6.19 5.62 6.27 5.74 16
6.95 6.59 5.55 5.39 4.7 4.22 5.65 4.86 5
5.21 5.56 3.82 4.44 3.86 4.46 5.35 5.92 3
6.21 4.71 5.07 3.6 5.84 4.52 6.74 5.43 0
9.25 8.48 9.03 8.31 8.69 7.78 7.95 6.91 14
9.44 7.92 9.29 7.83 7.86 6.43 7.27 5.78 11
6.37 5.42 7.75 6.8 8.2 7.48 7.11 6.61 0
9.48 9.03 10.05 9.4 9.0 8.26 7.72 7.01 9
13.57 12.56 12.06 11.08 11.93 11.05 13.23 12.42 14
7.85 8.57 6.61 7.23 7.38 7.78 8.64 9.0 2
5.53 4.85 5.1 4.32 6.28 5.64 7.41 6.71 0
5.43 6.01 4.66 4.94 4.96 4.93 6.27 6.35 14
7.02 6.0 7.54 6.46 7.84 6.57 8.27 6.95 10
5.86 6.25 5.23 5.33 6.53 6.46 7.62 7.63 5
5.69 6.5 6.02 7.04 7.5 8.5 7.94 8.85 1
4.49 5.54 5.33 6.22 6.5 7.26 6.24 6.91 5
5.51 5.26 6.95 6.76 7.76 7.53 7.01 6.88 17
9.66 9.31 9.89 9.72 9.05 9.08 8.91 8.9 18
8.29 9.62 7.27 8.56 5.92 7.26 6.32 7.61 0
7.28 6.18 5.88 4.84 5.1 4.18 6.28 5.49 19
6.14 4.82 5.09 3.79 4.57 3.61 4.91 4.05 13
7.27 8.7 6.69 8.17 5.5 7.01 5.05 6.49 4
7.19 6.19 7.32 6.47 6.1 5.29 4.96 4.1 18
6.75 8.06 5.3 6.58 5.37 6.4 6.53 7.53 14
5.92 7.26 5.01 6.46 4.82 6.31 5.1 6.44 4
9.19 7.77 9.04 7.66 8.09 6.67 7.01 5.54 1
5.32 6.72 5.43 6.93 5.59 7.11 4.96 6.42 1
4.23 4.88 5.28 6.16 6.01 6.7 5.25 5.71 5
8.15 6.75 8.71 7.25 8.58 7.23 7.26 6.0 16
7.83 6.74 8.71 7.56 8.3 7.01 6.82 5.52 5
8.6 7.8 8.97 7.94 8.11 6.99 6.7 5.68 9
5.49 4.71 5.16 4.74 6.07 5.57 7.15 6.42 17
5.79 7.3 4.58 6.08 5.26 6.73 6.7 8.18 17
6.1 7.61 4.74 6.24 4.24 5.73 5.62 7.08 0
6.42 5.34 5.7 4.93 4.52 3.74 5.12 4.04 1
4.53 5.5 5.84 6.6 6.68 7.59 6.61 7.75 14
4.1 4.04 5.15 4.72 5.07 4.63 4.81 4.82 5
11.61 10.4 12.43 11.14 13.81 12.53 13.76 12.5 14
10.39 8.94 9.65 8.28 9.35 8.04 9.28 7.91 14
7.48 6.3 7.22 6.22 5.85 4.87 5.09 3.97 14
6.5 5.37 5.11 3.93 5.45 4.02 6.42 4.98 1
10.09 9.52 8.71 8.24 8.08 7.41 8.67 7.81 8
10.57 9.14 11.82 10.42 12.18 10.74 11.73 10.24 18
8.74 7.33 8.69 7.29 7.64 6.35 6.57 5.24 8
7.5 6.82 6.84 5.97 5.49 4.58 5.18 4.64 2
5.61 5.89 5.9 5.9 7.04 7.18 7.88 8.13 14
7.4 8.84 7.32 8.83 6.38 7.91 5.35 6.83 14
7.81 6.52 6.47 5.15 5.77 4.38 7.02 5.61 14
5.54 5.06 6.6 6.37 7.79 7.4 7.95 7.28 9
6.77 6.1 6.6 6.13 6.38 6.24 5.7 5.56 9
5.02 4.03 4.42 3.78 5.67 5.04 6.3 5.36 9
5.55 7.09 4.13 5.67 4.66 6.1 5.91 7.35 16
6.08 5.77 5.7 5.31 5.93 5.9 7.03 7.09 16
6.31 5.4 6.1 4.9 6.74 5.54 7.85 6.78 13
5.51 6.99 4.18 5.64 3.58 5.11 4.19 5.66 13
5.69 6.43 6.18 7.01 7.0 7.59 6.46 6.79 12
5.69 6.18 6.43 7.01 7.24 8.03 7.69 8.42 12
5.71 5.94 5.19 5.26 5.83 6.13 5.92 6.54 7
6.37 7.89 5.31 6.81 4.98 6.38 5.22 6.59 16
6.54 7.29 5.15 6.05 4.31 4.92 5.23 5.63 18
6.62 5.38 5.23 3.98 5.71 4.36 7.12 5.82 0
7.1 7.21 7.24 7.03 8.52 8.24 9.37 9.29 9
5.66 6.02 6.4 7.04 7.33 7.97 7.78 8.15 7
4.76 5.72 5.1 5.69 5.27 5.73 5.83 6.55 9
5.87 5.4 6.67 6.28 6.24 5.73 5.91 5.06 12
5.87 6.67 5.4 6.28 4.41 5.06 3.57 4.19 12
8.38 7.57 8.5 7.53 7.18 6.18 6.23 5.24 3
4.55 5.18 5.71 6.1 5.91 5.95 5.69 5.75 9
9.3 8.09 10.55 9.31 10.44 9.3 9.04 7.92 10
6.14 4.65 6.27 4.74 7.55 6.03 7.74 6.26 8
9.74 9.6 9.33 9.17 7.84 7.71 7.5 7.59 18
5.51 5.75 6.5 6.51 6.0 5.94 5.13 5.41 9
6.45 6.06 5.92 5.84 6.09 6.3 7.25 7.31 4
5.99 6.03 4.72 4.66 4.98 4.45 6.48 5.92 14
4.83 4.11 4.1 3.87 5.34 5.25 6.49 6.18 15
5.39 5.96 6.57 7.28 7.59 8.29 7.05 7.74 4
4.33 4.69 4.66 4.68 6.03 5.89 6.24 6.12 5
4.84 6.14 4.32 5.79 5.69 7.18 6.69 8.14 15
6.98 7.29 5.83 6.15 6.53 6.61 7.97 8.07 5
6.6 6.19 6.98 6.83 6.15 6.06 5.77 5.33 5
6.21 6.87 5.71 6.21 4.59 4.89 5.02 5.24 13
8.26 8.29 7.82 7.61 6.84 6.75 7.52 7.69 19
8.99 7.51 9.07 7.64 7.78 6.4 7.41 6.08 15
11.23 9.74 11.36 9.91 10.06 8.64 9.03 7.56 8
7.04 7.25 6.75 7.18 5.31 5.79 4.68 5.07 8
5.86 5.82 5.05 5.11 4.21 4.69 4.1 4.55 14
10.08 8.62 9.9 8.39 8.49 6.96 7.81 6.35 14
6.74 8.21 5.43 6.84 4.42 5.93 5.28 6.79 15
7.13 6.55 6.13 5.69 5.07 4.86 5.97 5.83 11
6.74 5.84 5.23 4.31 4.99 4.06 6.2 5.44 0
6.38 5.75 5.61 4.88 5.28 4.93 5.3 5.24 16
6.25 6.72 6.05 6.38 5.1 5.16 4.22 4.43 4
8.95 8.02 8.38 7.68 7.65 7.02 6.95 6.11 6
8.31 7.33 9.49 8.49 9.21 8.13 8.55 7.31 4
12.38 11.3 11.36 10.4 10.34 9.37 11.19 10.16 4
8.8 7.28 9.47 7.98 8.54 7.09 7.19 5.73 5
5.7 6.27 4.87 5.17 5.08 5.48 6.48 6.97 4
6.25 5.92 5.62 5.61 4.8 4.67 5.73 5.24 15
9.84 9.36 8.94 8.54 7.54 7.12 7.73 7.06 16
10.29 9.14 10.12 8.86 8.95 7.75 7.92 6.79 1
12.45 11.04 12.81 11.36 11.72 10.24 10.42 8.97 14
7.68 8.04 6.59 6.79 5.6 5.78 5.72 6.23 0
6.66 7.59 5.56 6.39 5.47 6.49 5.73 6.98 3
7.69 7.07 7.28 6.88 7.11 6.98 6.5 6.31 14
7.96 6.92 8.75 7.84 10.05 9.02 9.86 8.67 14
8.03 7.91 8.41 8.08 7.53 7.0 7.2 6.68 10
5.1 5.21 5.84 6.27 7.03 7.32 7.45 7.45 2
6.45 5.07 6.4 4.9 7.88 6.37 8.54 7.09 13
8.37 8.11 7.43 7.11 6.25 6.16 7.0 7.17 9
6.28 5.4 6.67 5.57 5.88 4.87 5.82 5.16 16
8.09 8.83 7.35 8.18 5.94 6.71 5.73 6.51 16
4.42 3.87 5.1 4.21 6.31 5.31 6.13 5.17 19
6.31 6.57 6.2 6.74 5.07 5.62 3.96 4.36 19
5.9 5.99 7.12 7.38 7.82 7.95 6.94 6.97 13
7.97 6.56 6.77 5.43 6.18 4.99 6.49 5.26 7
7.63 6.5 7.18 5.86 8.48 7.1 9.13 7.83 0
8.11 6.77 6.74 5.49 5.86 4.46 6.57 5.08 18
9.19 8.13 8.31 7.41 6.89 5.94 7.02 5.98 9
6.81 5.99 5.5 4.83 5.97 5.65 7.42 7.02 8
6.3 4.86 7.38 5.88 8.61 7.15 8.34 6.99 13
7.57 6.3 8.85 7.5 9.93 8.66 9.49 8.37 11
5.75 6.28 6.53 7.05 7.59 8.28 7.87 8.56 9
4.11 4.51 5.49 5.76 6.11 6.04 5.66 5.51 14
7.57 6.67 6.77 5.66 5.32 4.31 5.38 4.62 16
4.24 4.96 5.53 6.37 6.4 7.27 5.75 6.68 7
6.79 5.93 5.32 4.57 4.86 4.18 5.93 5.02 7
5.04 4.07 5.43 4.18 6.73 5.55 6.77 5.86 5
6.62 6.55 5.33 5.25 4.6 4.93 5.86 6.35 5
10.2 9.43 10.75 9.86 10.51 9.7 10.04 9.44 19
5.44 6.86 4.95 6.44 4.09 5.47 4.76 5.96 19
4.45 3.68 4.58 4.31 4.86 4.66 5.52 4.94 5
5.35 3.89 6.42 5.04 7.66 6.21 7.47 5.95 3
11.38 10.01 11.5 10.11 10.21 8.87 9.14 7.75 14
6.59 6.97 5.63 5.86 6.45 6.72 7.22 7.74 3
4.67 4.98 3.66 4.25 4.77 5.54 5.84 6.61 5
8.43 7.9 8.49 8.04 9.34 8.71 9.01 8.18 4
9.4 8.62 9.88 9.31 11.34 10.73 11.59 10.83 19
5.99 5.5 7.52 6.99 8.0 7.66 7.31 7.25 0
8.78 8.13 9.75 9.26 10.91 10.3 10.84 10.04 8
8.43 7.32 9.28 8.03 10.26 9.09 9.67 8.65 8
5.62 6.33 6.88 7.73 7.64 8.47 6.81 7.62 7
4.64 4.22 5.42 4.59 6.73 5.95 6.66 6.11 15
8.77 8.56 9.0 8.53 10.38 9.89 11.1 10.78 18
7.11 7.51 7.47 7.63 6.28 6.32 5.2 5.55 16
8.56 7.61 10.02 9.09 10.28 9.3 9.15 8.08 14
7.86 8.85 8.0 8.76 6.89 7.57 5.7 6.58 14
8.18 6.97 9.27 7.97 8.73 7.4 7.76 6.56 18
7.55 6.9 6.34 5.86 7.09 6.86 8.24 8.01 17
6.63 7.23 5.12 5.71 5.02 5.4 6.25 6.72 19
6.59 5.19 5.77 4.36 5.36 3.84 5.32 3.83 6
6.61 6.6 6.74 6.4 5.59 5.07 4.39 4.21 7
7.4 6.23 7.94 6.74 7.13 5.84 6.7 5.27 18
9.77 8.41 9.54 8.32 8.13 6.96 7.87 6.6 11
6.13 5.17 5.99 4.77 6.88 5.75 7.84 6.84 19
5.53 5.87 6.65 6.81 7.87 8.15 7.77 8.14 11
11.67 10.68 11.17 10.04 10.23 9.1 9.7 8.75 18
4.65 5.84 5.05 6.03 5.14 5.8 5.78 6.48 17
5.08 3.97 6.26 5.27 6.21 5.27 5.89 4.72 5
8.26 7.34 7.54 6.82 7.01 6.17 6.5 5.41 1
11.84 11.07 10.67 10.02 9.7 8.93 9.79 8.86 18
7.41 7.38 6.01 6.14 5.88 5.92 7.32 7.37 19
6.69 5.2 5.6 4.09 6.49 5.01 7.38 5.87 4
8.25 7.15 9.62 8.59 9.54 8.71 8.49 7.75 14
6.61 5.83 7.9 7.06 8.46 7.84 7.45 7.04 3
9.23 7.91 8.01 6.72 7.39 5.96 7.58 6.15 18
5.85 5.78 4.37 4.32 4.67 4.51 5.95 5.52 9
6.82 8.15 5.48 6.81 4.8 5.98 6.06 7.07 9
6.01 4.9 5.42 4.36 5.76 5.04 7.1 6.34 8
6.16 5.28 5.92 5.34 5.42 4.76 6.29 5.33 8
9.04 7.65 8.71 7.37 7.32 5.96 7.32 5.84 9
8.19 7.8 7.65 7.01 6.19 5.61 6.23 5.97 17
9.54 8.07 9.71 8.2 8.56 7.07 8.35 6.95 2
6.05 6.25 5.65 5.6 6.58 6.23 6.77 6.42 8
8.57 8.87 9.62 9.79 9.17 9.11 7.74 7.71 11
8.72 7.58 9.58 8.54 9.07 8.05 8.73 7.55 14
5.0 4.31 6.14 5.61 7.36 6.64 7.24 6.25 11
5.52 4.57 5.44 4.49 6.89 5.98 7.72 6.65 16
6.25 7.75 5.41 6.81 6.34 7.67 7.7 9.07 9
5.16 5.05 3.91 4.08 3.88 3.73 5.38 5.11 2
7.18 5.69 5.81 4.38 5.41 3.95 5.99 4.48 16
7.19 6.95 6.4 6.38 7.28 7.2 7.72 7.34 4
7.08 8.23 6.72 7.76 5.26 6.26 4.71 5.96 11
5.96 6.41 7.46 7.9 7.82 8.11 6.88 7.23 15
5.73 6.75 7.09 8.02 8.1 9.05 7.7 8.56 2
5.55 6.3 6.78 7.46 7.7 8.56 7.04 8.12 12
5.55 6.78 6.3 7.46 7.7 8.85 8.0 9.27 12
4.71 4.7 5.24 5.18 5.92 5.47 5.22 4.47 16
6.69 5.81 5.55 4.49 5.61 4.44 5.96 5.07 10
9.11 9.11 8.24 8.09 7.39 7.11 8.4 8.09 10
6.4 6.37 6.45 6.3 7.8 7.48 8.63 8.43 9
8.1 6.74 8.45 6.98 9.69 8.24 9.66 8.32 7
11.25 10.1 11.58 10.48 10.38 9.29 9.62 8.4 14
7.09 7.4 5.96 6.23 5.4 5.36 6.72 6.5 3
4.64 4.82 4.14 4.41 4.28 5.02 5.52 6.26 0
9.66 8.67 10.46 9.64 9.8 9.11 9.35 8.55 13
9.21 7.93 9.84 8.5 8.93 7.53 7.52 6.15 3
8.44 7.25 9.6 8.32 9.23 7.83 7.77 6.35 14
4.81 5.06 6.14 6.33 7.18 7.27 6.75 6.65 4
5.57 5.19 7.08 6.6 7.51 6.77 6.75 5.97 19
9.12 8.35 10.37 9.58 11.41 10.71 11.13 10.43 4
7.61 7.5 8.59 8.25 9.51 9.26 9.55 9.53 3
9.97 8.91 10.84 9.72 10.26 9.2 9.46 8.56 14
6.05 7.17 4.9 6.04 4.86 5.68 5.86 6.56 5
5.12 6.58 4.95 6.48 5.3 6.79 5.48 6.88 6
4.18 3.86 4.35 3.8 5.62 5.23 5.99 5.86 2
8.92 7.81 9.46 8.41 8.45 7.53 7.09 6.11 17
5.55 4.53 6.05 4.79 5.61 4.17 4.99 3.66 16
8.52 7.9 8.05 7.5 6.59 6.02 6.35 5.63 14
8.09 8.13 7.24 7.22 6.36 6.11 6.97 6.67 2
8.59 7.97 7.46 6.93 7.23 7.0 8.37 8.16 12
8.59 7.46 7.97 6.93 6.49 5.48 6.42 5.51 12
9.18 8.4 7.72 6.91 7.27 6.36 8.59 7.69 19
13.1 12.12 11.81 10.76 10.89 9.93 11.7 10.88 19
7.52 6.11 6.09 4.7 5.33 3.94 6.31 5.07 17
8.3 7.44 8.03 7.25 6.88 5.99 5.89 4.99 16
4.87 6.28 4.16 5.47 5.31 6.59 6.53 7.84 2
5.49 6.96 4.37 5.89 4.4 5.87 5.87 7.31 9
5.88 6.51 5.1 5.65 4.03 4.34 4.88 4.96 18
4.67 3.78 5.2 4.68 5.13 4.92 5.44 5.04 0
5.35 5.51 6.56 6.9 7.38 7.72 6.62 6.99 16
4.82 5.82 5.41 6.19 6.75 7.46 6.77 7.45 5
4.92 6.31 4.41 5.81 5.79 7.18 6.6 8.07 14
6.66 6.22 5.38 4.77 6.05 5.12 7.19 6.36 17
9.86 8.91 11.34 10.43 11.71 10.82 10.61 9.81 6
10.98 9.91 9.62 8.49 8.87 7.87 10.01 9.11 4
9.73 8.89 11.15 10.38 11.77 10.94 11.3 10.32 4
6.18 5.46 5.71 5.33 4.43 4.25 4.73 4.38 0
7.45 8.33 7.1 7.79 5.63 6.33 5.13 5.95 17
8.07 9.04 8.25 9.39 7.09 8.27 5.88 7.0 9
6.89 6.33 6.04 5.65 4.84 4.66 4.67 4.21 4
9.26 8.73 9.19 8.56 8.29 7.82 7.23 6.88 4
5.96 7.4 5.08 6.43 3.69 5.13 4.22 5.75 7
5.55 5.28 5.49 5.32 4.55 4.77 4.8 5.23 6
5.97 4.79 7.49 6.26 8.06 6.96 7.42 6.55 6
5.37 4.46 6.01 5.08 5.58 4.98 4.91 4.6 16
8.86 8.79 9.0 8.67 7.67 7.24 6.68 6.5 14
6.3 7.63 4.77 6.11 4.7 5.8 6.01 7.08 17
7.16 6.33 5.9 5.3 5.86 5.4 6.45 5.73 19
7.44 6.03 8.76 7.41 8.84 7.56 8.16 6.85 17
9.65 8.25 10.55 9.19 9.97 8.72 8.64 7.42 10
10.02 9.5 9.14 8.45 7.9 7.34 8.14 7.84 10
10.75 9.35 9.79 8.33 8.47 7.05 8.88 7.58 4
6.95 6.38 5.53 4.95 5.65 5.35 7.15 6.84 3
5.26 5.07 4.4 4.57 4.35 4.88 5.46 5.8 0
8.12 6.75 7.84 6.6 6.85 5.61 6.94 5.53 19
6.02 5.64 4.64 4.29 4.77 3.94 6.2 5.29 9
6.5 5.99 5.07 4.63 5.34 4.68 6.75 5.94 14
6.63 6.91 5.93 6.51 7.19 7.89 8.32 8.85 0
4.79 5.67 4.29 5.45 5.52 6.64 6.34 7.24 13
7.0 8.42 5.83 7.32 6.32 7.83 7.49 8.94 11
8.08 6.7 9.41 8.04 9.7 8.25 8.67 7.17 12
8.08 9.41 6.7 8.04 5.8 7.16 6.89 8.25 12
6.64 5.16 7.07 5.56 8.44 6.95 8.64 7.21 4
6.95 5.7 6.12 5.03 4.71 3.55 5.02 3.61 4
6.73 5.31 5.26 3.86 5.51 4.23 6.91 5.57 4
10.03 8.63 9.38 8.1 7.91 6.62 7.81 6.38 9
6.36 4.89 5.72 4.3 6.08 4.63 7.18 5.68 4
7.68 6.29 6.42 5.11 5.59 4.16 6.34 4.82 4
8.83 8.15 8.49 7.59 7.01 6.1 6.57 5.91 16
9.21 8.13 9.42 8.5 8.14 7.35 7.06 6.11 6
6.61 6.59 5.62 5.91 4.55 4.79 4.94 4.7 5
7.53 6.1 6.05 4.59 6.08 4.6 7.43 5.99 3
9.67 8.56 8.69 7.7 9.63 8.71 10.82 9.77 2
10.78 9.86 10.15 9.26 9.1 8.08 9.05 7.95 2
6.87 5.74 7.32 6.35 8.78 7.76 9.12 7.94 3
6.01 5.51 4.93 4.77 3.7 3.39 4.46 3.63 3
8.64 7.41 7.18 6.0 7.21 5.96 8.68 7.38 9
8.81 8.33 9.99 9.34 10.25 9.51 9.65 9.06 9
11.17 9.81 9.94 8.54 9.65 8.19 10.69 9.28 14
8.36 8.1 8.99 8.95 9.83 9.7 9.67 9.32 19
9.34 7.92 8.41 7.1 8.75 7.53 9.74 8.46 19
8.84 8.49 9.36 9.22 10.81 10.64 11.09 10.75 19
8.65 8.78 8.41 8.28 9.8 9.56 10.65 10.58 18
6.78 5.69 6.79 5.55 6.78 5.37 6.72 5.37 7
5.22 4.38 4.45 4.06 5.56 5.36 6.61 6.13 19
5.41 6.76 3.96 5.27 4.4 5.43 5.88 6.93 16
9.35 8.66 10.16 9.65 11.45 10.89 11.49 10.75 19
6.25 5.84 5.21 5.06 5.54 5.28 6.71 6.18 19
6.52 6.01 6.18 5.58 5.35 5.07 5.22 5.21 17
6.46 6.01 5.73 5.44 4.32 3.95 4.44 3.82 11
12.32 11.82 10.92 10.44 10.1 9.52 11.15 10.52 19
5.41 5.26 6.42 5.94 7.65 7.26 7.5 7.41 12
5.41 6.42 5.26 5.94 6.34 6.94 6.96 7.81 12
9.06 8.08 7.82 6.82 6.82 6.0 7.71 7.01 19
4.76 3.75 4.47 3.85 4.63 3.95 5.0 3.92 19
9.18 8.89 9.6 9.31 8.6 8.44 7.62 7.6 19
10.18 9.37 11.7 10.87 12.25 11.57 11.15 10.61 19
6.02 6.58 7.41 8.07 7.67 8.42 6.46 7.24 13
4.85 4.43 6.05 5.34 6.99 6.27 6.42 5.86 15
7.4 6.87 7.58 6.76 9.06 8.21 9.59 8.93 9
6.82 6.14 5.64 4.99 6.46 5.93 7.85 7.28 0
5.84 6.36 5.33 6.15 6.4 7.38 7.34 8.16 16
6.91 5.42 6.08 4.68 5.96 4.67 6.83 5.48 0
9.47 8.29 9.9 8.67 9.39 8.3 8.38 7.4 2
7.12 5.8 8.24 6.88 8.4 7.18 7.46 6.39 0
4.11 4.08 5.49 5.59 6.23 6.17 5.62 5.29 5
6.55 6.61 7.8 7.79 8.93 8.98 8.54 8.63 3
7.77 8.13 6.76 6.9 6.27 6.41 7.25 7.58 19
7.41 5.9 7.31 5.81 6.48 5.08 6.33 4.98 10
6.71 6.17 6.2 5.66 7.47 6.81 8.51 7.82 17
5.81 4.61 5.15 4.14 6.41 5.43 7.43 6.27 15
7.09 5.95 5.6 4.55 5.45 4.29 6.8 5.52 7
4.57 4.77 5.92 6.06 6.81 6.7 6.28 6.08 4
11.72 11.22 11.54 11.22 10.09 9.83 9.48 9.06 13
6.9 5.91 5.88 4.7 5.44 4.34 6.44 5.56 9
7.67 6.53 7.72 6.51 6.84 5.5 6.45 5.06 1
6.04 6.47 6.82 7.48 7.16 7.71 6.91 7.17 16
6.27 7.63 6.13 7.6 4.96 6.43 4.65 5.97 5
7.3 6.63 6.55 5.76 5.09 4.34 5.23 4.62 3
6.8 6.06 6.0 5.28 6.94 6.04 7.9 6.86 11
6.0 4.64 6.49 5.35 7.82 6.61 7.97 6.61 16
8.78 8.19 7.3 6.8 7.24 6.96 8.57 8.22 4
7.79 6.33 6.58 5.09 5.61 4.23 6.61 5.36 6
11.63 11.36 13.1 12.76 13.16 12.68 11.8 11.29 19
5.83 4.42 7.07 5.61 8.16 6.77 7.82 6.53 15
12.02 11.4 12.2 11.55 10.87 10.21 9.89 9.24 19
5.75 4.77 4.23 3.31 4.06 3.62 5.53 5.07 0
5.97 7.49 4.89 6.42 3.62 5.15 4.34 5.76 6
5.26 6.64 4.89 6.34 3.94 5.27 3.82 4.97 4
5.54 4.75 5.71 5.19 5.7 5.52 5.48 5.27 15
6.29 5.8 5.67 5.1 6.16 5.89 6.93 6.81 2
11.94 11.37 13.39 12.8 14.17 13.68 13.3 12.87 19
6.22 6.72 5.27 5.84 6.38 6.91 7.64 8.13 0
4.44 4.78 4.47 4.85 5.96 6.26 6.6 6.83 10
7.38 6.43 8.83 7.83 9.68 8.7 8.9 8.0 9
6.33 5.84 7.7 7.04 8.45 7.9 7.67 7.35 17
9.94 8.6 11.34 9.96 11.5 10.04 10.23 8.77 13
5.38 5.25 5.36 5.06 5.37 5.43 5.59 5.95 1
6.38 6.9 6.72 7.08 6.48 7.03 5.8 6.63 4
6.76 7.12 5.61 5.81 4.87 4.97 5.68 5.97 0
7.09 6.64 7.0 6.63 8.34 7.84 8.73 8.02 16
8.94 7.66 9.13 8.02 9.62 8.54 10.36 9.15 11
8.52 7.29 8.51 7.47 7.17 6.24 6.73 5.65 4
9.38 8.11 10.39 9.16 10.27 9.0 9.94 8.55 14
9.79 9.2 11.16 10.62 12.04 11.5 11.27 10.8 14
4.98 4.14 5.8 5.0 6.81 5.77 6.37 5.1 11
7.43 6.77 7.6 6.66 9.09 8.12 9.69 8.89 6
7.87 6.95 6.62 5.83 7.36 6.74 8.68 8.07 12
7.87 6.62 6.95 5.83 6.85 5.96 8.19 7.27 12
7.4 6.23 5.87 4.72 5.61 4.76 6.85 6.01 17
7.51 5.99 6.39 4.87 5.12 3.6 5.68 4.26 6
8.67 7.33 8.32 7.14 6.85 5.7 6.36 5.03 15
8.81 7.33 8.92 7.55 7.59 6.28 6.96 5.59 19
7.0 6.24 6.57 5.68 7.12 6.43 8.39 7.75 0
6.15 4.89 5.29 4.21 5.94 5.14 7.34 6.43 19
12.5 12.1 11.46 11.04 10.87 10.64 12.06 11.94 19
7.29 5.92 5.9 4.51 5.41 3.93 6.76 5.26 4
5.1 5.71 6.2 6.99 6.9 7.52 6.04 6.49 4
5.04 6.37 6.15 7.36 7.37 8.62 7.19 8.43 5
5.91 6.89 6.38 7.44 7.81 8.8 8.34 9.35 2
8.38 8.6 8.67 8.97 7.53 7.79 6.28 6.63 19
8.49 7.27 7.89 6.84 7.25 6.14 6.71 5.4 15
5.52 5.95 7.0 7.47 7.61 8.04 6.77 7.05 0
6.83 5.66 5.81 4.53 6.85 5.5 7.98 6.74 5
6.74 5.8 5.75 4.95 6.47 5.57 7.08 5.92 9
7.54 6.72 7.34 6.26 6.09 4.97 5.12 4.27 5
7.32 8.33 7.53 8.74 6.26 7.57 5.33 6.51 14
5.89 6.93 6.22 7.07 5.26 6.09 4.97 6.09 12
5.89 6.22 6.93 7.07 8.04 8.09 7.9 8.11 12
5.59 5.02 6.7 6.35 6.51 6.38 6.02 5.72 18
4.41 3.15 3.74 2.74 3.77 2.63 5.04 3.68 5
5.85 6.96 4.39 5.52 4.31 5.7 5.75 7.14 13
6.6 6.2 5.21 5.0 4.75 4.29 5.5 4.65 16
9.57 9.51 8.31 8.41 7.2 7.13 7.93 7.62 4
6.84 5.63 6.38 5.0 4.89 3.51 4.58 3.53 15
8.78 7.46 10.05 8.8 10.06 8.9 8.7 7.61 14
5.79 5.71 6.7 6.72 7.59 7.34 6.93 6.42 6
5.69 4.67 5.71 5.06 6.93 6.29 7.63 6.73 5
7.8 8.26 7.93 8.61 6.63 7.41 5.73 6.29 2
6.39 7.56 6.17 7.14 4.81 5.78 4.11 5.35 8
5.77 4.67 5.99 5.2 5.34 4.83 4.43 3.79 10
6.26 5.23 5.18 4.21 4.67 4.12 5.37 4.87 4
6.96 8.47 5.79 7.25 4.6 6.1 5.34 6.86 11
6.56 7.21 5.69 6.61 4.53 5.36 5.13 5.57 12
6.56 5.69 7.21 6.61 8.01 7.36 7.35 6.58 12
6.63 5.21 5.52 4.21 5.61 4.27 6.89 5.45 15
8.98 8.16 8.73 7.93 8.59 7.58 9.05 7.93 4
6.6 5.54 8.06 6.94 8.28 7.23 7.35 6.52 6
5.14 5.65 6.41 7.06 7.09 7.57 6.2 6.57 0
5.61 5.1 6.2 5.33 6.37 5.38 5.27 4.4 2
7.37 5.88 7.35 5.83 6.33 4.83 5.16 3.65 0
10.82 9.54 10.55 9.17 9.2 7.79 8.44 7.15 4
9.14 8.17 9.98 9.18 10.83 10.0 11.04 10.04 4
6.2 5.07 4.78 3.72 5.16 4.42 6.3 5.66 18
5.68 7.12 4.59 6.08 4.26 5.77 4.54 5.94 2
5.51 6.06 5.37 6.01 4.81 5.14 3.83 3.98 8
6.74 5.49 6.77 5.35 8.21 6.79 9.01 7.64 4
10.16 9.46 9.69 9.21 10.43 10.02 11.71 11.18 14
9.92 9.02 9.24 8.33 7.97 7.19 7.54 6.73 13
8.76 7.33 8.43 6.97 6.97 5.5 6.66 5.17 9
7.49 6.23 7.33 6.1 5.9 4.72 5.23 3.87 1
7.64 8.18 6.94 7.59 5.55 6.31 5.88 6.73 1
7.38 7.89 6.08 6.54 5.08 5.58 6.05 6.37 19
9.5 8.39 10.18 9.11 9.46 8.35 7.98 6.88 4
8.95 8.58 7.89 7.39 8.0 7.63 8.35 8.23 14
7.33 6.86 6.15 5.54 4.98 4.53 5.48 5.42 3
5.92 7.1 5.17 6.52 4.31 5.58 3.95 4.95 0
6.31 5.51 5.9 5.28 5.99 5.72 5.56 5.37 17
5.82 4.51 6.92 5.69 8.03 6.67 7.59 6.12 17
6.36 6.43 6.99 7.05 8.43 8.48 8.69 8.87 13
9.44 8.29 9.6 8.32 10.93 9.67 11.1 9.97 10
12.89 11.87 11.87 10.97 10.68 9.72 10.68 9.56 14
5.69 6.52 4.47 5.35 4.66 5.84 5.25 6.53 3
7.26 8.67 5.78 7.22 5.24 6.55 6.25 7.42 9
6.67 6.62 5.47 5.53 4.58 4.91 5.73 6.19 14
7.18 6.23 7.06 5.87 5.92 4.69 6.04 5.06 11
9.63 9.03 8.94 8.16 7.5 6.75 7.66 7.04 6
7.4 7.58 7.3 7.67 5.92 6.33 5.54 5.59 2
5.02 5.16 5.02 4.74 4.15 3.93 4.41 4.68 17
6.93 5.95 8.06 7.22 9.17 8.29 8.69 7.86 14
8.39 8.18 8.73 8.61 10.22 10.07 10.7 10.59 9
9.34 8.68 8.22 7.41 9.01 8.07 10.0 9.19 19
4.81 4.78 4.87 5.28 6.19 6.54 6.43 6.47 11
5.2 4.21 4.85 4.14 6.25 5.53 7.19 6.4 5
6.43 5.25 4.92 3.81 4.84 3.88 6.21 5.36 16
7.02 6.98 7.56 7.72 7.11 7.24 7.08 6.88 9
6.92 5.49 7.02 5.56 7.38 5.86 8.18 6.65 9
7.94 8.36 8.67 9.28 9.35 9.86 9.72 10.01 4
7.89 9.02 7.88 8.9 6.54 7.48 5.59 6.72 0
6.76 7.92 6.07 7.05 4.74 5.69 4.46 5.7 8
6.82 6.31 5.87 5.22 5.28 4.96 5.36 5.35 15
7.65 6.45 8.21 7.12 7.75 6.63 7.62 6.31 15
6.77 6.62 5.79 5.61 5.18 4.65 6.42 5.71 16
5.16 5.62 4.98 5.8 4.98 5.69 5.96 6.37 9
6.73 5.52 6.3 5.36 7.42 6.59 8.62 7.63 13
6.34 6.28 5.08 5.12 5.32 5.0 6.82 6.48 7
6.92 5.5 6.49 5.26 7.37 6.21 7.4 6.16 18
8.41 7.93 8.05 7.62 6.93 6.35 5.97 5.42 11
10.36 9.33 10.9 10.0 11.01 10.07 9.78 8.77 4
9.09 7.62 9.03 7.54 7.61 6.13 6.93 5.51 4
10.3 9.65 8.96 8.44 7.99 7.34 8.54 7.65 9
13.28 12.04 11.91 10.66 11.14 9.99 12.18 11.13 8
12.39 11.27 12.24 11.14 13.28 12.27 13.19 12.27 14
10.38 9.78 10.49 9.96 11.97 11.42 12.47 11.77 8
5.81 5.78 6.07 5.94 7.44 7.41 7.63 7.84 13
7.05 6.28 6.56 5.57 5.24 4.17 4.73 4.04 13
6.01 5.08 6.05 4.82 6.95 5.72 7.94 6.86 13
4.53 5.36 5.61 6.34 6.62 7.15 6.1 6.42 15
6.27 7.64 6.38 7.86 5.68 7.13 4.6 5.97 15
5.89 5.57 7.39 7.09 8.09 7.66 7.36 6.97 1
6.1 5.31 6.41 5.85 6.58 6.31 5.82 5.6 1
6.4 6.57 7.61 7.68 8.78 8.92 8.64 8.74 1
8.46 7.44 9.27 8.42 10.45 9.56 10.14 9.16 19
13.37 12.85 13.02 12.56 11.65 11.14 10.89 10.4 19
6.25 4.84 6.28 4.94 7.67 6.29 8.47 7.05 0
7.07 7.04 7.52 7.77 8.99 9.19 9.33 9.31 19
5.0 3.81 4.4 3.6 5.59 4.88 6.3 5.33 8
5.92 7.15 4.76 5.84 5.66 6.49 7.0 7.89 14
6.73 7.54 5.74 6.79 6.21 7.35 7.61 8.65 19
5.26 4.95 4.49 4.21 5.16 4.48 6.43 5.69 15
4.67 6.12 3.87 5.4 5.14 6.66 6.24 7.76 9
4.78 5.23 4.72 5.07 5.96 6.04 6.29 6.22 1
5.29 5.28 3.99 3.79 3.93 3.54 4.83 4.75 12
5.29 3.99 5.28 3.79 6.7 5.2 7.15 5.7 12
5.41 5.0 4.91 4.33 5.34 4.35 6.59 5.62 13
5.19 5.49 5.75 6.03 6.58 7.13 7.22 7.78 17
3.85 4.41 4.85 5.08 4.97 4.77 4.94 4.76 15
7.98 8.34 7.58 7.69 6.54 6.53 5.66 5.94 2
7.49 6.76 6.86 5.95 6.47 5.78 5.96 5.58 17
5.96 6.25 6.89 7.37 7.27 7.96 6.24 7.01 17
10.86 10.69 10.39 10.08 8.93 8.66 8.75 8.74 19
9.63 9.67 10.07 10.01 8.96 8.91 8.1 8.27 11
9.46 8.07 10.45 9.01 9.75 8.28 8.4 6.98 1
8.96 8.14 8.31 7.69 7.24 6.75 6.68 5.97 4
6.58 6.57 5.59 5.44 6.15 6.14 6.63 6.93 15
4.86 5.94 4.76 5.9 5.39 6.25 5.06 5.65 9
5.36 4.87 6.22 6.03 7.15 6.94 6.55 6.3 1
9.96 8.69 9.51 8.21 8.8 7.39 8.31 6.91 11
7.47 7.16 6.79 6.63 8.04 7.97 9.14 8.87 4
8.53 7.12 7.27 5.94 7.72 6.52 9.2 7.99 9
11.48 10.19 9.98 8.69 9.47 8.13 10.62 9.22 4
7.32 6.18 7.98 6.76 7.86 6.82 8.01 7.14 9
10.01 9.08 9.53 8.47 8.56 7.61 9.17 8.42 10
10.96 9.51 10.88 9.49 9.46 8.09 8.85 7.48 13
6.81 7.61 6.38 7.38 4.94 6.03 4.4 5.19 4
9.11 8.97 8.37 8.02 7.16 6.89 7.73 7.68 15
7.96 6.68 7.62 6.5 6.86 5.92 7.5 6.54 14
6.79 5.67 5.96 4.85 7.01 6.03 7.72 6.89 17
7.25 6.31 5.73 4.82 5.63 5.06 6.75 6.32 16
7.75 8.53 6.51 7.35 5.99 6.56 6.31 6.73 0
7.15 8.55 6.54 8.02 6.24 7.76 5.73 7.17 12
7.15 6.54 8.55 8.02 9.34 8.62 9.03 8.12 12
6.56 6.33 6.62 6.74 5.96 6.28 4.7 4.87 1
6.88 6.05 7.85 6.8 8.6 7.59 8.87 8.07 15
5.19 4.43 6.46 5.75 6.87 6.45 6.66 6.34 4
5.74 6.19 7.09 7.67 7.75 8.3 6.85 7.44 13
4.76 4.76 5.62 5.28 6.85 6.45 6.62 6.26 19
5.93 7.26 6.59 8.02 8.01 9.41 8.36 9.7 19
4.6 3.96 4.68 4.24 5.12 4.36 6.03 5.02 19
6.51 5.78 6.26 5.22 7.67 6.55 8.58 7.58 17
5.0 6.53 4.53 6.05 5.67 7.14 6.84 8.36 17
5.15 5.55 4.08 4.72 5.13 5.84 6.19 6.62 5
7.95 7.5 8.61 8.04 7.7 6.98 6.31 5.73 0
7.41 6.61 5.95 5.09 5.45 4.92 6.36 6.06 7
6.23 6.44 5.21 5.56 3.91 4.14 4.18 4.44 3
7.9 6.42 7.29 5.85 6.67 5.36 6.14 4.83 4
5.75 5.16 7.22 6.61 7.47 7.05 6.5 6.35 8
6.52 6.32 5.03 4.98 4.58 4.14 5.86 5.3 15
6.78 8.19 5.44 6.87 5.17 6.69 5.79 7.26 2
7.11 8.49 6.16 7.48 5.04 6.29 4.97 6.32 4
4.75 5.67 4.89 5.45 5.08 5.36 5.94 6.39 3
6.32 6.08 7.24 7.22 7.35 7.3 7.49 7.14 12
6.32 7.24 6.08 7.22 4.69 5.94 3.89 4.88 12
7.81 7.38 7.53 6.97 6.13 5.66 5.98 5.87 17
5.93 6.75 5.96 6.79 7.1 8.08 8.07 9.0 1
5.1 6.5 4.16 5.39 4.91 5.97 6.31 7.44 2
4.86 6.26 4.42 5.93 4.25 5.74 5.34 6.76 3
4.49 5.21 4.94 5.54 4.29 4.54 4.22 4.18 15
8.28 6.91 7.1 5.81 7.9 6.71 8.99 7.7 17
7.45 6.29 7.48 6.21 6.85 5.43 5.9 4.52 1
8.12 7.73 6.92 6.72 5.92 5.49 6.93 6.23 9
6.64 6.25 5.72 5.43 4.7 4.14 4.63 4.01 0
5.55 6.72 4.12 5.33 3.94 5.39 4.87 6.28 16
6.36 6.26 4.92 5.01 5.03 5.46 6.51 6.95 1
7.94 7.04 7.72 6.89 8.96 8.25 10.03 9.21 17
9.06 7.96 9.46 8.18 8.81 7.49 7.4 6.15 16
6.08 7.28 4.58 5.82 4.61 5.61 6.0 7.01 19
6.65 7.93 5.29 6.62 4.99 6.46 5.65 7.02 16
5.8 7.05 5.18 6.54 4.96 6.14 4.56 5.52 12
5.8 5.18 7.05 6.54 7.57 6.9 7.45 6.5 12
6.39 6.04 6.27 6.28 6.91 7.06 6.55 6.58 14
6.78 5.35 5.9 4.51 6.27 4.82 7.69 6.21 16
6.58 7.68 5.68 6.96 6.82 8.2 7.89 9.19 0
8.07 6.77 9.02 7.77 9.16 8.08 7.9 6.93 9
6.59 5.88 5.78 5.3 6.63 6.1 7.14 6.32 9
6.42 6.53 6.08 5.95 7.49 7.28 8.39 8.2 5
5.83 7.17 5.56 6.74 6.69 7.73 7.74 8.9 13
5.59 6.27 6.29 7.12 7.44 8.35 7.84 8.61 5
4.42 4.88 5.72 6.03 6.33 6.33 6.04 6.04 17
6.48 6.46 8.01 7.96 8.45 8.3 7.54 7.21 1
5.33 5.34 3.87 3.81 4.07 3.68 5.55 5.01 12
5.33 3.87 5.34 3.81 6.49 4.98 7.24 5.75 12
7.43 8.8 6.24 7.56 5.74 6.93 7.06 8.18 9
6.3 5.18 5.86 4.78 6.47 5.67 7.64 6.8 16
6.13 5.94 5.98 5.66 5.8 5.12 6.56 5.8 9
4.29 4.27 5.44 5.29 5.91 5.37 5.76 5.1 5
8.09 6.62 7.81 6.34 6.44 5.02 5.82 4.39 16
9.16 9.38 9.31 9.76 7.98 8.56 7.0 7.39 9
7.67 7.66 7.0 6.8 5.6 5.38 5.76 5.68 13
5.94 6.75 6.01 7.08 4.93 6.07 4.44 5.28 5
6.94 6.56 7.12 6.6 6.71 6.44 6.65 6.67 17
6.25 5.78 5.56 5.46 6.61 6.61 7.9 7.78 19
5.41 6.8 4.02 5.34 4.34 5.5 5.78 6.86 2
5.28 5.35 4.47 4.44 3.99 3.5 5.28 4.62 5
7.77 7.05 8.93 8.03 8.69 7.67 8.26 7.4 3
7.02 7.14 5.63 5.94 6.11 6.74 7.59 8.14 4
6.26 5.08 5.95 4.56 4.54 3.12 3.83 2.68 5
7.54 6.88 6.17 5.64 5.47 4.65 6.42 5.39 5
7.55 8.57 7.94 9.08 6.91 8.05 5.57 6.77 9
4.83 5.13 6.05 6.17 7.2 7.34 6.98 7.03 14
6.27 4.95 5.69 4.25 7.01 5.56 8.07 6.61 16
9.5 8.1 9.15 7.66 8.42 6.96 7.46 6.09 8
7.15 5.93 7.5 6.28 7.37 6.01 7.9 6.44 7
8.33 7.55 8.98 8.03 9.17 8.05 9.3 8.27 11
6.11 5.13 7.48 6.49 7.49 6.68 6.5 5.93 15
6.39 6.11 5.55 5.56 6.21 6.14 6.48 6.05 9
8.34 7.35 6.89 5.86 6.44 5.35 7.71 6.51 7
6.58 6.22 6.21 5.88 5.38 4.78 6.14 5.26 9
6.13 5.33 4.76 3.93 5.36 4.36 6.57 5.4 0
5.76 6.73 5.14 6.17 6.46 7.44 7.48 8.57 7
4.87 5.09 5.27 5.48 6.73 6.84 7.05 6.93 19
9.83 8.78 9.29 8.18 8.21 6.99 7.63 6.5 4
4.78 3.77 4.97 4.32 4.94 4.25 5.48 4.42 16
6.29 7.72 5.5 6.91 4.91 6.4 5.99 7.51 9
6.98 6.18 6.02 5.37 4.72 3.93 5.37 4.22 17
6.86 5.57 5.95 4.86 5.8 4.71 5.87 4.55 17
7.39 8.63 5.98 7.17 5.46 6.81 6.25 7.7 17
6.63 6.27 5.32 5.22 4.36 3.97 5.43 4.76 6
5.65 6.72 4.41 5.33 4.87 5.52 6.35 7.01 5
5.43 6.64 4.84 6.23 4.73 6.19 5.86 7.23 14
4.17 5.26 4.59 5.67 4.19 4.95 4.27 4.74 2
5.23 5.39 6.29 6.32 6.72 7.03 6.67 7.22 2
5.89 5.37 7.38 6.9 7.72 7.4 6.94 6.56 4
7.8 7.46 6.67 6.56 6.4 6.19 7.15 6.62 17
7.07 6.65 5.58 5.14 5.17 5.14 6.44 6.53 5
6.39 7.1 5.28 6.19 4.0 4.8 4.71 5.1 9
7.59 7.45 7.6 7.17 8.79 8.24 9.76 9.38 13
5.69 4.99 6.93 6.2 7.61 6.62 7.53 6.48 14
8.68 7.53 9.19 7.95 9.7 8.34 10.29 8.96 3
7.3 6.82 6.79 6.14 5.95 5.56 5.29 5.16 11
6.86 7.61 6.87 7.87 5.71 6.85 4.55 5.53 17
8.45 7.92 7.63 6.97 6.19 5.62 6.27 5.74 16
6.95 6.59 5.55 5.39 4.7 4.22 5.65 4.86 5
5.21 5.56 3.82 4.44 3.86 4.46 5.35 5.92 3
6.21 4.71 5.07 3.6 5.84 4.52 6.74 5.43 0
9.25 8.48 9.03 8.31 8.69 7.78 7.95 6.91 14
9.44 7.92 9.29 7.83 7.86 6.43 7.27 5.78 11
6.37 5.42 7.75 6.8 8.2 7.48 7.11 6.61 0
9.48 9.03 10.05 9.4 9.0 8.26 7.72 7.01 9
13.57 12.56 12.06 11.08 11.93 11.05 13.23 12.42 14
7.85 8.57 6.61 7.23 7.38 7.78 8.64 9.0 2
5.53 4.85 5.1 4.32 6.28 5.64 7.41 6.71 0
5.43 6.01 4.66 4.94 4.96 4.93 6.27 6.35 14
7.02 6.0 7.54 6.46 7.84 6.57 8.27 6.95 10
5.86 6.25 5.23 5.33 6.53 6.46 7.62 7.63 5
5.69 6.5 6.02 7.04 7.5 8.5 7.94 8.85 1
4.49 5.54 5.33 6.22 6.5 7.26 6.24 6.91 5
5.51 5.26 6.95 6.76 7.76 7.53 7.01 6.88 17
9.66 9.31 9.89 9.72 9.05 9.08 8.91 8.9 18
8.29 9.62 7.27 8.56 5.92 7.26 6.32 7.61 0
7.28 6.18 5.88 4.84 5.1 4.18 6.28 5.49 19
6.14 4.82 5.09 3.79 4.57 3.61 4.91 4.05 13
7.27 8.7 6.69 8.17 5.5 7.01 5.05 6.49 4
7.19 6.19 7.32 6.47 6.1 5.29 4.96 4.1 18
6.75 8.06 5.3 6.58 5.37 6.4 6.53 7.53 14
5.92 7.26 5.01 6.46 4.82 6.31 5.1 6.44 4
9.19 7.77 9.04 7.66 8.09 6.67 7.01 5.54 1
5.32 6.72 5.43 6.93 5.59 7.11 4.96 6.42 1
4.23 4.88 5.28 6.16 6.01 6.7 5.25 5.71 5
8.15 6.75 8.71 7.25 8.58 7.23 7.26 6.0 16
7.83 6.74 8.71 7.56 8.3 7.01 6.82 5.52 5
8.6 7.8 8.97 7.94 8.11 6.99 6.7 5.68 9
5.49 4.71 5.16 4.74 6.07 5.57 7.15 6.42 17
5.79 7.3 4.58 6.08 5.26 6.73 6.7 8.18 17
6.1 7.61 4.74 6.24 4.24 5.73 5.62 7.08 0
6.42 5.34 5.7 4.93 4.52 3.74 5.12 4.04 1
4.53 5.5 5.84 6.6 6.68 7.59 6.61 7.75 14
4.1 4.04 5.15 4.72 5.07 4.63 4.81 4.82 5
11.61 10.4 12.43 11.14 13.81 12.53 13.76 12.5 14
10.39 8.94 9.65 8.28 9.35 8.04 9.28 7.91 14
7.48 6.3 7.22 6.22 5.85 4.87 5.09 3.97 14
6.5 5.37 5.11 3.93 5.45 4.02 6.42 4.98 1
10.09 9.52 8.71 8.24 8.08 7.41 8.67 7.81 8
10.57 9.14 11.82 10.42 12.18 10.74 11.73 10.24 18
8.74 7.33 8.69 7.29 7.64 6.35 6.57 5.24 8
7.5 6.82 6.84 5.97 5.49 4.58 5.18 4.64 2
5.61 5.89 5.9 5.9 7.04 7.18 7.88 8.13 14
7.4 8.84 7.32 8.83 6.38 7.91 5.35 6.83 14
7.81 6.52 6.47 5.15 5.77 4.38 7.02 5.61 14
5.54 5.06 6.6 6.37 7.79 7.4 7.95 7.28 9
6.77 6.1 6.6 6.13 6.38 6.24 5.7 5.56 9
5.02 4.03 4.42 3.78 5.67 5.04 6.3 5.36 9
5.55 7.09 4.13 5.67 4.66 6.1 5.91 7.35 16
6.08 5.77 5.7 5.31 5.93 5.9 7.03 7.09 16
6.31 5.4 6.1 4.9 6.74 5.54 7.85 6.78 13
5.51 6.99 4.18 5.64 3.58 5.11 4.19 5.66 13
5.69 6.43 6.18 7.01 7.0 7.59 6.46 6.79 12
5.69 6.18 6.43 7.01 7.24 8.03 7.69 8.42 12
5.71 5.94 5.19 5.26 5.83 6.13 5.92 6.54 7
6.37 7.89 5.31 6.81 4.98 6.38 5.22 6.59 16
6.54 7.29 5.15 6.05 4.31 4.92 5.23 5.63 18
6.62 5.38 5.23 3.98 5.71 4.36 7.12 5.82 0
7.1 7.21 7.24 7.03 8.52 8.24 9.37 9.29 9
5.66 6.02 6.4 7.04 7.33 7.97 7.78 8.15 7
4.76 5.72 5.1 5.69 5.27 5.73 5.83 6.55 9
5.87 5.4 6.67 6.28 6.24 5.73 5.91 5.06 12
5.87 6.67 5.4 6.28 4.41 5.06 3.57 4.19 12
8.38 7.57 8.5 7.53 7.18 6.18 6.23 5.24 3
4.55 5.18 5.71 6.1 5.91 5.95 5.69 5.75 9
9.3 8.09 10.55 9.31 10.44 9.3 9.04 7.92 10
6.14 4.65 6.27 4.74 7.55 6.03 7.74 6.26 8
9.74 9.6 9.33 9.17 7.84 7.71 7.5 7.59 18
5.51 5.75 6.5 6.51 6.0 5.94 5.13 5.41 9
6.45 6.06 5.92 5.84 6.09 6.3 7.25 7.31 4
5.99 6.03 4.72 4.66 4.98 4.45 6.48 5.92 14
4.83 4.11 4.1 3.87 5.34 5.25 6.49 6.18 15
5.39 5.96 6.57 7.28 7.59 8.29 7.05 7.74 4
4.33 4.69 4.66 4.68 6.03 5.89 6.24 6.12 5
4.84 6.14 4.32 5.79 5.69 7.18 6.69 8.14 15
6.98 7.29 5.83 6.15 6.53 6.61 7.97 8.07 5
6.6 6.19 6.98 6.83 6.15 6.06 5.77 5.33 5
6.21 6.87 5.71 6.21 4.59 4.89 5.02 5.24 13
8.26 8.29 7.82 7.61 6.84 6.75 7.52 7.69 19
8.99 7.51 9.07 7.64 7.78 6.4 7.41 6.08 15
11.23 9.74 11.36 9.91 10.06 8.64 9.03 7.56 8
7.04 7.25 6.75 7.18 5.31 5.79 4.68 5.07 8
5.86 5.82 5.05 5.11 4.21 4.69 4.1 4.55 14
10.08 8.62 9.9 8.39 8.49 6.96 7.81 6.35 14
6.74 8.21 5.43 6.84 4.42 5.93 5.28 6.79 15
7.13 6.55 6.13 5.69 5.07 4.86 5.97 5.83 11
6.74 5.84 5.23 4.31 4.99 4.06 6.2 5.44 0
6.38 5.75 5.61 4.88 5.28 4.93 5.3 5.24 16
6.25 6.72 6.05 6.38 5.1 5.16 4.22 4.43 4
8.95 8.02 8.38 7.68 7.65 7.02 6.95 6.11 6
8.31 7.33 9.49 8.49 9.21 8.13 8.55 7.31 4
12.38 11.3 11.36 10.4 10.34 9.37 11.19 10.16 4
8.8 7.28 9.47 7.98 8.54 7.09 7.19 5.73 5
5.7 6.27 4.87 5.17 5.08 5.48 6.48 6.97 4
6.25 5.92 5.62 5.61 4.8 4.67 5.73 5.24 15
9.84 9.36 8.94 8.54 7.54 7.12 7.73 7.06 16
10.29 9.14 10.12 8.86 8.95 7.75 7.92 6.79 1
12.45 11.04 12.81 11.36 11.72 10.24 10.42 8.97 14
7.68 8.04 6.59 6.79 5.6 5.78 5.72 6.23 0
6.66 7.59 5.56 6.39 5.47 6.49 5.73 6.98 3
7.69 7.07 7.28 6.88 7.11 6.98 6.5 6.31 14
7.96 6.92 8.75 7.84 10.05 9.02 9.86 8.67 14
8.03 7.91 8.41 8.08 7.53 7.0 7.2 6.68 10
5.1 5.21 5.84 6.27 7.03 7.32 7.45 7.45 2
6.45 5.07 6.4 4.9 7.88 6.37 8.54 7.09 13
8.37 8.11 7.43 7.11 6.25 6.16 7.0 7.17 9
6.28 5.4 6.67 5.57 5.88 4.87 5.82 5.16 16
8.09 8.83 7.35 8.18 5.94 6.71 5.73 6.51 16
4.42 3.87 5.1 4.21 6.31 5.31 6.13 5.17 19
6.31 6.57 6.2 6.74 5.07 5.62 3.96 4.36 19
5.9 5.99 7.12 7.38 7.82 7.95 6.94 6.97 13
7.97 6.56 6.77 5.43 6.18 4.99 6.49 5.26 7
7.63 6.5 7.18 5.86 8.48 7.1 9.13 7.83 0
8.11 6.77 6.74 5.49 5.86 4.46 6.57 5.08 18
9.19 8.13 8.31 7.41 6.89 5.94 7.02 5.98 9
6.81 5.99 5.5 4.83 5.97 5.65 7.42 7.02 8
6.3 4.86 7.38 5.88 8.61 7.15 8.34 6.99 13
7.57 6.3 8.85 7.5 9.93 8.66 9.49 8.37 11
5.75 6.28 6.53 7.05 7.59 8.28 7.87 8.56 9
4.11 4.51 5.49 5.76 6.11 6.04 5.66 5.51 14
7.57 6.67 6.77 5.66 5.32 4.31 5.38 4.62 16
4.24 4.96 5.53 6.37 6.4 7.27 5.75 6.68 7
6.79 5.93 5.32 4.57 4.86 4.18 5.93 5.02 7
5.04 4.07 5.43 4.18 6.73 5.55 6.77 5.86 5
6.62 6.55 5.33 5.25 4.6 4.93 5.86 6.35 5
10.2 9.43 10.75 9.86 10.51 9.7 10.04 9.44 19
5.44 6.86 4.95 6.44 4.09 5.47 4.76 5.96 19
4.45 3.68 4.58 4.31 4.86 4.66 5.52 4.94 5
5.35 3.89 6.42 5.04 7.66 6.21 7.47 5.95 3
11.38 10.01 11.5 10.11 10.21 8.87 9.14 7.75 14
6.59 6.97 5.63 5.86 6.45 6.72 7.22 7.74 3
4.67 4.98 3.66 4.25 4.77 5.54 5.84 6.61 5
8.43 7.9 8.49 8.04 9.34 8.71 9.01 8.18 4
9.4 8.62 9.88 9.31 11.34 10.73 11.59 10.83 19
5.99 5.5 7.52 6.99 8.0 7.66 7.31 7.25 0
8.78 8.13 9.75 9.26 10.91 10.3 10.84 10.04 8
8.43 7.32 9.28 8.03 10.26 9.09 9.67 8.65 8
5.62 6.33 6.88 7.73 7.64 8.47 6.81 7.62 7
4.64 4.22 5.42 4.59 6.73 5.95 6.66 6.11 15
8.77 8.56 9.0 8.53 10.38 9.89 11.1 10.78 18
7.11 7.51 7.47 7.63 6.28 6.32 5.2 5.55 16
8.56 7.61 10.02 9.09 10.28 9.3 9.15 8.08 14
7.86 8.85 8.0 8.76 6.89 7.57 5.7 6.58 14
8.18 6.97 9.27 7.97 8.73 7.4 7.76 6.56 18
7.55 6.9 6.34 5.86 7.09 6.86 8.24 8.01 17
6.63 7.23 5.12 5.71 5.02 5.4 6.25 6.72 19
6.59 5.19 5.77 4.36 5.36 3.84 5.32 3.83 6
6.61 6.6 6.74 6.4 5.59 5.07 4.39 4.21 7
7.4 6.23 7.94 6.74 7.13 5.84 6.7 5.27 18
9.77 8.41 9.54 8.32 8.13 6.96 7.87 6.6 11
6.13 5.17 5.99 4.77 6.88 5.75 7.84 6.84 19
5.53 5.87 6.65 6.81 7.87 8.15 7.77 8.14 11
11.67 10.68 11.17 10.04 10.23 9.1 9.7 8.75 18
4.65 5.84 5.05 6.03 5.14 5.8 5.78 6.48 17
5.08 3.97 6.26 5.27 6.21 5.27 5.89 4.72 5
8.26 7.34 7.54 6.82 7.01 6.17 6.5 5.41 1
11.84 11.07 10.67 10.02 9.7 8.93 9.79 8.86 18
7.41 7.38 6.01 6.14 5.88 5.92 7.32 7.37 19
6.69 5.2 5.6 4.09 6.49 5.01 7.38 5.87 4
8.25 7.15 9.62 8.59 9.54 8.71 8.49 7.75 14
6.61 5.83 7.9 7.06 8.46 7.84 7.45 7.04 3
9.23 7.91 8.01 6.72 7.39 5.96 7.58 6.15 18
5.85 5.78 4.37 4.32 4.67 4.51 5.95 5.52 9
6.82 8.15 5.48 6.81 4.8 5.98 6.06 7.07 9
6.01 4.9 5.42 4.36 5.76 5.04 7.1 6.34 8
6.16 5.28 5.92 5.34 5.42 4.76 6.29 5.33 8
9.04 7.65 8.71 7.37 7.32 5.96 7.32 5.84 9
8.19 7.8 7.65 7.01 6.19 5.61 6.23 5.97 17
9.54 8.07 9.71 8.2 8.56 7.07 8.35 6.95 2
6.05 6.25 5.65 5.6 6.58 6.23 6.77 6.42 8
8.57 8.87 9.62 9.79 9.17 9.11 7.74 7.71 11
8.72 7.58 9.58 8.54 9.07 8.05 8.73 7.55 14
5.0 4.31 6.14 5.61 7.36 6.64 7.24 6.25 11
5.52 4.57 5.44 4.49 6.89 5.98 7.72 6.65 16
6.25 7.75 5.41 6.81 6.34 7.67 7.7 9.07 9
5.16 5.05 3.91 4.08 3.88 3.73 5.38 5.11 2
7.18 5.69 5.81 4.38 5.41 3.95 5.99 4.48 16
7.19 6.95 6.4 6.38 7.28 7.2 7.72 7.34 4
7.08 8.23 6.72 7.76 5.26 6.26 4.71 5.96 11
5.96 6.41 7.46 7.9 7.82 8.11 6.88 7.23 15
5.73 6.75 7.09 8.02 8.1 9.05 7.7 8.56 2
5.55 6.3 6.78 7.46 7.7 8.56 7.04 8.12 12
5.55 6.78 6.3 7.46 7.7 8.85 8.0 9.27 12
4.71 4.7 5.24 5.18 5.92 5.47 5.22 4.47 16
6.69 5.81 5.55 4.49 5.61 4.44 5.96 5.07 10
9.11 9.11 8.24 8.09 7.39 7.11 8.4 8.09 10
6.4 6.37 6.45 6.3 7.8 7.48 8.63 8.43 9
8.1 6.74 8.45 6.98 9.69 8.24 9.66 8.32 7
11.25 10.1 11.58 10.48 10.38 9.29 9.62 8.4 14
7.09 7.4 5.96 6.23 5.4 5.36 6.72 6.5 3
4.64 4.82 4.14 4.41 4.28 5.02 5.52 6.26 0
9.66 8.67 10.46 9.64 9.8 9.11 9.35 8.55 13
9.21 7.93 9.84 8.5 8.93 7.53 7.52 6.15 3
8.44 7.25 9.6 8.32 9.23 7.83 7.77 6.35 14
4.81 5.06 6.14 6.33 7.18 7.27 6.75 6.65 4
5.57 5.19 7.08 6.6 7.51 6.77 6.75 5.97 19
9.12 8.35 10.37 9.58 11.41 10.71 11.13 10.43 4
7.61 7.5 8.59 8.25 9.51 9.26 9.55 9.53 3
9.97 8.91 10.84 9.72 10.26 9.2 9.46 8.56 14
6.05 7.17 4.9 6.04 4.86 5.68 5.86 6.56 5
5.12 6.58 4.95 6.48 5.3 6.79 5.48 6.88 6
4.18 3.86 4.35 3.8 5.62 5.23 5.99 5.86 2
8.92 7.81 9.46 8.41 8.45 7.53 7.09 6.11 17
5.55 4.53 6.05 4.79 5.61 4.17 4.99 3.66 16
8.52 7.9 8.05 7.5 6.59 6.02 6.35 5.63 14
8.09 8.13 7.24 7.22 6.36 6.11 6.97 6.67 2
8.59 7.97 7.46 6.93 7.23 7.0 8.37 8.16 12
8.59 7.46 7.97 6.93 6.49 5.48 6.42 5.51 12
9.18 8.4 7.72 6.91 7.27 6.36 8.59 7.69 19
13.1 12.12 11.81 10.76 10.89 9.93 11.7 10.88 19
7.52 6.11 6.09 4.7 5.33 3.94 6.31 5.07 17
8.3 7.44 8.03 7.25 6.88 5.99 5.89 4.99 16
4.87 6.28 4.16 5.47 5.31 6.59 6.53 7.84 2
5.49 6.96 4.37 5.89 4.4 5.87 5.87 7.31 9
5.88 6.51 5.1 5.65 4.03 4.34 4.88 4.96 18
4.67 3.78 5.2 4.68 5.13 4.92 5.44 5.04 0
5.35 5.51 6.56 6.9 7.38 7.72 6.62 6.99 16
4.82 5.82 5.41 6.19 6.75 7.46 6.77 7.45 5
4.92 6.31 4.41 5.81 5.79 7.18 6.6 8.07 14
6.66 6.22 5.38 4.77 6.05 5.12 7.19 6.36 17
9.86 8.91 11.34 10.43 11.71 10.82 10.61 9.81 6
10.98 9.91 9.62 8.49 8.87 7.87 10.01 9.11 4
9.73 8.89 11.15 10.38 11.77 10.94 11.3 10.32 4
6.18 5.46 5.71 5.33 4.43 4.25 4.73 4.38 0
7.45 8.33 7.1 7.79 5.63 6.33 5.13 5.95 17
8.07 9.04 8.25 9.39 7.09 8.27 5.88 7.0 9
6.89 6.33 6.04 5.65 4.84 4.66 4.67 4.21 4
9.26 8.73 9.19 8.56 8.29 7.82 7.23 6.88 4
5.96 7.4 5.08 6.43 3.69 5.13 4.22 5.75 7
5.55 5.28 5.49 5.32 4.55 4.77 4.8 5.23 6
5.97 4.79 7.49 6.26 8.06 6.96 7.42 6.55 6
5.37 4.46 6.01 5.08 5.58 4.98 4.91 4.6 16
8.86 8.79 9.0 8.67 7.67 7.24 6.68 6.5 14
6.3 7.63 4.77 6.11 4.7 5.8 6.01 7.08 17
7.16 6.33 5.9 5.3 5.86 5.4 6.45 5.73 19
7.44 6.03 8.76 7.41 8.84 7.56 8.16 6.85 17
