11.1 10.63 10.03 9.65 9.51 9.34 8.99 8.97 7.62 7.72 6.88 7.04 5.69 6.01 7.54 7.62 2
10.8 10.06 9.38 8.58 9.5 8.49 8.24 7.13 8.72 7.45 8.11 6.73 8.96 7.51 6.81 5.43 3
8.58 7.23 7.43 6.17 8.1 6.98 7.27 6.35 8.22 7.47 8.07 7.56 9.22 8.81 6.95 6.6 10
14.31 13.06 13.17 11.99 12.17 10.94 11.42 10.3 9.97 8.86 9.29 8.32 7.98 7.03 10.06 9.22 10
9.04 8.34 9.12 8.2 8.7 7.65 9.34 8.12 9.75 8.47 10.7 9.34 11.22 9.86 11.3 9.91 14
9.04 9.12 8.34 8.2 6.86 6.75 6.6 6.21 5.82 5.2 6.37 5.46 6.04 4.94 7.53 6.58 14
9.17 8.73 9.36 8.69 8.28 7.51 8.84 7.85 7.96 6.83 8.51 7.22 7.95 6.56 9.79 8.5 3
7.73 6.7 9.14 8.09 9.65 8.45 11.03 9.86 11.5 10.27 12.64 11.44 13.16 11.93 13.38 12.25 10
9.15 9.75 8.15 8.84 7.54 8.44 6.62 7.62 5.88 7.07 5.07 6.37 4.83 6.27 4.96 6.14 0
6.5 5.07 5.99 4.63 5.36 4.25 5.21 4.33 4.59 4.11 4.68 4.54 4.66 4.92 5.31 5.09 12
13.09 12.14 12.37 11.39 10.9 9.88 10.12 9.21 8.81 7.97 8.03 7.09 6.92 6.07 8.58 7.46 13
12.72 12.45 12.43 12.28 11.07 10.93 10.47 10.54 9.01 9.11 8.23 8.19 6.91 6.9 8.92 8.73 11
11.99 12.32 11.33 11.64 10.48 10.63 9.53 9.71 9.61 9.59 8.67 8.52 9.16 8.83 7.38 7.31 11
15.33 14.28 14.77 13.78 13.26 12.29 12.91 12.01 11.62 10.69 10.66 9.84 9.55 8.69 10.96 10.29 4
8.45 9.48 7.22 8.3 6.82 7.69 6.31 7.2 5.33 6.42 5.68 6.86 5.17 6.49 6.85 7.94 7
9.2 10.29 7.7 8.81 7.34 8.61 6.19 7.46 5.02 6.21 4.49 5.48 3.72 4.49 5.18 6.05 3
10.42 9.54 9.57 8.69 9.14 8.09 8.37 7.35 7.07 5.97 6.37 5.32 5.3 4.13 7.01 6.11 2
14.06 12.96 13.36 12.38 12.45 11.53 11.8 11.03 10.34 9.57 9.66 9.05 8.34 7.75 10.44 9.97 10
6.54 5.06 5.49 4.11 6.33 5.14 5.78 4.86 6.96 6.15 7.13 6.53 8.4 7.84 6.21 5.83 9
9.16 10.32 7.77 8.94 7.98 9.13 6.8 7.93 7.37 8.51 6.88 8.02 7.84 8.94 5.61 6.79 6
9.59 9.23 9.58 8.98 8.5 7.81 8.65 7.72 7.52 6.46 7.66 6.49 6.84 5.55 8.84 7.68 3
9.6 10.02 9.82 10.03 9.19 9.22 8.19 8.11 7.56 7.27 6.85 6.37 6.63 5.93 6.69 6.23 3
5.0 4.38 4.86 3.95 5.82 5.04 5.85 5.02 5.93 4.81 5.64 4.49 6.22 4.92 5.17 4.3 10
7.19 8.58 6.83 8.31 6.99 8.51 6.56 8.09 7.09 8.62 6.69 8.16 7.61 9.02 5.6 7.03 7
8.43 9.65 7.41 8.6 7.24 8.56 6.1 7.38 6.15 7.23 5.26 6.17 5.91 6.54 3.95 4.93 19
7.83 6.74 6.47 5.41 5.75 4.46 4.25 3.0 4.19 3.27 3.55 3.13 4.27 4.15 2.72 2.61 16
11.17 9.94 9.81 8.54 9.8 8.41 8.46 7.02 7.61 6.21 6.31 4.96 5.84 4.61 5.74 4.38 12
9.9 8.5 8.71 7.3 8.68 7.19 7.59 6.11 6.85 5.33 6.02 4.55 5.72 4.33 5.84 4.5 19
11.7 13.11 10.34 11.71 9.44 10.81 8.05 9.38 7.05 8.46 5.73 7.14 5.07 6.55 5.33 6.62 5
10.56 11.5 9.06 10.01 8.27 9.16 6.77 7.7 6.42 7.49 5.28 6.44 5.51 6.74 4.17 5.33 9
6.35 5.65 5.8 4.79 5.45 4.41 6.09 5.34 6.73 5.96 7.36 6.81 8.18 7.6 7.46 7.13 4
5.86 6.41 5.92 6.77 6.45 7.28 7.07 7.63 8.26 8.81 8.98 9.37 10.12 10.54 8.75 8.92 1
4.96 5.92 4.78 5.42 5.95 6.52 6.99 7.76 8.32 8.97 9.39 10.15 10.56 11.23 9.44 10.37 17
7.85 7.02 6.89 6.04 5.66 4.65 6.12 4.85 6.99 5.63 8.02 6.59 8.92 7.47 8.37 6.93 19
6.36 4.99 7.31 6.07 7.42 6.38 6.18 5.32 6.58 5.93 5.98 5.51 6.86 6.55 4.73 4.27 2
9.77 8.59 10.35 9.05 9.71 8.39 8.2 6.87 7.71 6.45 6.65 5.52 6.61 5.66 5.9 4.82 19
9.3 8.68 10.09 9.64 9.44 9.18 8.13 7.97 7.33 7.3 6.01 6.02 5.61 5.81 5.33 5.19 13
13.87 12.94 14.29 13.25 13.24 12.12 11.96 10.91 10.8 9.66 9.6 8.52 8.65 7.47 9.52 8.61 9
10.02 9.6 9.76 9.56 9.84 9.78 9.16 9.02 10.04 9.95 10.42 10.21 11.39 11.24 10.03 9.64 19
7.98 6.82 7.08 6.13 6.29 5.43 5.76 4.66 6.09 5.11 6.81 5.72 7.41 6.48 7.22 5.94 7
5.81 4.84 5.62 4.56 6.96 5.96 7.26 6.24 8.43 7.27 9.14 7.98 10.27 9.04 8.9 7.87 15
7.61 6.49 7.45 6.15 7.96 6.55 8.36 6.87 9.82 8.32 10.6 9.08 11.91 10.39 10.2 8.69 11
8.97 7.71 8.18 6.84 8.82 7.53 9.85 8.47 11.14 9.76 12.14 10.71 13.3 11.88 12.1 10.63 7
8.9 8.93 8.49 8.5 8.95 8.72 10.31 10.1 11.41 11.17 12.63 12.44 13.62 13.4 12.96 12.85 4
8.53 7.88 8.7 7.93 9.17 8.18 8.56 7.45 9.59 8.48 9.63 8.48 10.78 9.65 8.69 7.47 13
7.57 6.23 8.36 7.15 9.17 7.94 9.18 8.12 10.47 9.47 10.97 10.11 12.21 11.38 10.37 9.63 19
7.81 7.99 8.67 8.61 8.1 7.8 6.71 6.39 6.68 6.05 5.73 4.92 6.27 5.19 4.44 3.78 9
5.82 6.63 7.1 8.04 7.13 8.29 5.86 7.14 6.4 7.82 5.97 7.48 6.94 8.47 4.82 6.34 7
5.27 5.6 6.19 6.2 6.21 5.86 5.07 4.62 5.33 4.47 5.21 4.16 5.96 4.68 4.75 3.91 16
6.19 5.76 6.77 6.48 7.28 7.29 6.85 7.02 7.29 7.73 7.72 8.29 8.41 9.15 7.78 8.25 5
9.33 8.94 7.86 7.45 7.67 6.98 6.41 5.61 6.49 5.42 5.67 4.42 6.31 4.92 4.45 3.23 3
6.51 5.72 5.15 4.33 5.54 4.64 4.89 4.26 5.67 4.99 5.64 5.17 6.73 6.21 4.81 4.67 15
8.85 8.78 9.73 9.46 9.35 8.97 9.04 8.43 7.68 7.0 7.2 6.34 6.04 5.08 8.08 7.15 15
5.16 4.32 4.22 3.51 4.81 3.88 4.09 3.2 5.27 4.4 5.53 4.86 6.83 6.14 4.76 4.37 5
5.51 5.48 5.04 5.38 5.46 6.09 6.85 7.53 7.91 8.49 9.11 9.62 10.09 10.54 9.47 9.97 5
5.42 6.41 4.98 6.24 4.34 5.63 5.62 6.88 6.21 7.27 7.53 8.57 8.22 9.08 8.33 9.49 11
7.07 6.86 6.24 5.77 4.86 4.4 5.2 4.47 5.51 5.02 6.65 6.1 7.2 6.84 7.47 6.69 0
8.59 7.09 7.18 5.71 6.72 5.29 5.23 3.83 5.13 3.8 5.87 4.73 6.21 5.21 6.63 5.54 0
6.25 5.39 6.25 5.69 5.06 4.71 5.73 5.71 5.09 5.38 5.99 6.44 5.84 6.52 7.26 7.62 0
9.02 8.09 8.61 7.91 7.24 6.66 6.41 5.87 5.43 4.66 5.4 4.52 4.88 3.75 6.28 5.54 16
10.37 10.64 9.41 9.61 8.23 8.31 7.07 7.18 5.84 6.1 5.27 5.37 4.35 4.65 5.96 5.74 16
13.71 12.45 12.23 10.97 11.46 10.28 10.48 9.4 9.71 8.73 8.69 7.83 8.25 7.54 8.34 7.48 3
9.88 8.52 9.1 7.65 8.81 7.33 7.55 6.04 7.72 6.26 7.24 5.81 7.83 6.52 6.45 5.0 7
7.26 7.61 7.27 7.54 6.37 6.43 6.14 6.28 5.91 5.75 6.4 6.23 6.59 6.16 7.06 7.11 3
13.5 12.43 12.62 11.66 11.39 10.45 10.22 9.36 9.17 8.38 8.27 7.65 7.49 6.97 8.4 7.87 9
5.96 6.71 5.91 6.5 7.37 7.88 7.9 8.56 8.85 9.65 9.23 10.17 10.26 11.28 8.77 9.76 9
5.52 4.62 4.78 3.76 5.79 4.54 5.63 4.18 6.66 5.17 6.79 5.29 7.98 6.51 5.98 4.5 3
8.93 7.65 7.47 6.16 7.2 5.78 6.49 5.19 7.59 6.39 7.84 6.82 9.03 8.06 7.09 6.26 14
8.93 7.47 7.65 6.16 6.74 5.32 6.15 4.74 6.82 5.57 6.77 5.72 7.74 6.81 6.05 5.09 14
12.26 11.15 11.3 10.2 9.94 8.91 8.88 7.73 8.58 7.4 8.52 7.22 8.56 7.31 8.74 7.33 3
8.75 8.77 7.46 7.49 6.66 6.99 7.1 7.58 8.17 8.8 9.28 9.91 10.28 11.0 9.55 10.08 19
5.08 5.85 5.45 6.49 6.9 7.9 7.36 8.44 8.37 9.56 8.47 9.78 9.61 10.96 7.62 8.97 0
4.67 4.26 4.49 3.61 5.37 4.35 5.23 3.97 6.44 5.05 6.67 5.17 7.96 6.45 5.82 4.29 2
5.94 4.92 5.89 4.59 6.39 5.07 7.45 6.01 7.3 5.84 7.49 5.99 7.7 6.28 7.8 6.27 4
5.68 6.67 6.35 7.54 6.58 7.92 8.02 9.39 8.28 9.74 9.01 10.46 9.48 10.96 9.52 10.89 7
4.6 5.05 5.3 5.35 4.9 4.54 6.28 5.71 6.82 6.06 7.96 7.26 8.62 7.81 8.63 8.1 5
9.79 8.68 8.88 7.73 7.45 6.26 7.09 5.77 6.15 4.95 6.7 5.61 6.17 5.31 7.99 6.86 11
6.05 5.34 5.22 4.25 5.5 4.28 5.85 4.42 7.22 5.77 7.98 6.47 9.24 7.73 7.66 6.14 6
4.71 5.63 5.66 6.61 6.23 6.9 7.69 8.39 8.63 9.16 9.92 10.45 10.8 11.2 10.47 11.11 5
6.38 4.92 6.22 4.93 5.58 4.43 6.51 5.59 7.18 6.31 8.12 7.41 8.89 8.21 8.52 7.91 0
7.52 6.83 6.56 5.7 5.68 4.67 5.71 4.42 6.39 5.0 6.82 5.33 7.71 6.25 6.66 5.13 15
8.65 9.08 9.06 9.34 8.52 8.57 8.72 8.68 7.61 7.48 7.19 6.81 6.38 5.87 7.85 7.35 9
9.28 8.3 8.9 7.92 8.25 7.11 7.54 6.49 6.19 5.08 6.08 4.77 5.01 3.63 7.27 5.88 3
7.48 8.73 7.0 8.15 6.9 8.13 6.15 7.24 5.29 6.46 5.97 7.2 5.6 6.82 7.28 8.51 14
7.48 7.0 8.73 8.15 8.86 8.06 10.25 9.43 10.67 9.69 11.78 10.8 12.28 11.19 12.54 11.66 14
5.2 5.1 4.53 4.78 5.1 5.71 4.56 5.51 4.66 5.81 5.9 7.05 6.34 7.57 6.91 7.96 15
6.91 6.96 5.75 5.87 6.33 6.65 5.5 6.07 6.2 7.03 7.48 8.3 8.24 9.21 8.17 8.81 19
5.6 4.41 7.03 5.74 8.06 6.82 9.43 8.12 10.49 9.23 11.71 10.4 12.67 11.41 12.08 10.7 13
9.26 8.15 8.18 6.95 7.46 6.2 6.57 5.17 6.21 4.84 5.49 4.09 5.68 4.46 4.99 3.48 19
12.17 12.55 11.06 11.54 10.0 10.36 9.02 9.49 8.14 8.46 7.11 7.5 6.58 6.76 6.89 7.54 13
5.29 4.13 5.81 4.91 7.33 6.39 8.06 7.32 9.49 8.7 10.44 9.77 11.71 10.97 10.26 9.77 5
5.14 5.28 4.61 4.64 5.9 5.8 5.95 5.77 7.37 7.12 8.02 7.78 9.34 9.05 7.54 7.36 3
6.46 7.77 5.28 6.69 5.87 7.29 5.14 6.57 6.22 7.57 6.29 7.52 7.54 8.7 5.33 6.46 7
8.42 9.9 6.97 8.47 7.02 8.55 5.76 7.26 6.29 7.73 5.87 7.18 6.84 8.04 4.73 5.98 16
9.15 8.36 7.78 7.04 7.46 6.54 6.26 5.43 6.33 5.33 5.95 5.07 6.51 5.54 5.4 4.85 17
12.38 10.99 11.04 9.67 10.02 8.58 8.75 7.35 7.83 6.35 6.89 5.45 6.32 4.84 6.82 5.52 7
13.0 12.16 11.63 10.77 10.54 9.8 9.18 8.42 8.19 7.6 6.87 6.29 6.19 5.86 6.45 5.65 2
8.51 8.0 7.99 7.73 8.71 8.48 8.19 7.86 6.86 6.65 5.85 5.46 4.69 4.47 6.23 5.53 5
7.63 7.58 6.52 6.32 6.78 6.62 6.38 6.54 4.97 5.28 4.62 5.24 3.49 4.36 5.7 6.38 4
10.32 10.41 9.11 9.22 8.8 8.67 8.03 7.76 6.73 6.6 6.66 6.66 5.65 5.85 7.82 7.79 15
10.18 8.76 8.68 7.29 7.97 6.58 7.82 6.35 7.12 5.6 7.91 6.38 7.57 6.09 9.21 7.68 3
6.45 6.15 6.36 5.76 5.97 5.09 6.44 5.33 7.09 5.8 8.36 7.03 9.06 7.66 9.08 7.82 0
5.75 6.82 6.13 7.42 6.66 7.99 7.44 8.88 8.61 10.03 9.85 11.28 10.89 12.3 10.17 11.63 17
3.96 4.53 4.36 4.5 5.63 5.81 6.4 6.27 7.82 7.73 8.8 8.55 10.05 9.85 8.7 8.23 16
6.06 4.98 6.16 5.09 5.57 4.82 6.23 5.55 5.76 5.4 5.89 5.58 5.91 5.93 6.41 5.86 16
10.49 9.21 10.16 8.77 9.08 7.65 9.1 7.6 7.92 6.41 7.48 5.98 6.58 5.1 8.2 6.74 5
12.19 11.95 11.68 11.47 10.86 10.83 10.61 10.62 9.52 9.69 8.66 8.81 7.83 8.17 8.85 8.82 9
10.84 11.57 9.75 10.42 8.34 9.03 7.59 8.09 7.08 7.41 6.53 6.61 6.47 6.37 6.41 6.41 2
9.73 8.6 10.14 8.87 9.2 7.84 10.14 8.7 10.68 9.25 11.94 10.54 12.51 11.13 12.74 11.34 4
12.51 11.91 12.36 11.73 11.32 10.79 10.35 9.93 9.11 8.77 8.37 8.21 7.35 7.31 8.87 8.8 11
12.37 11.29 12.22 11.25 10.89 10.01 9.81 8.83 8.46 7.54 7.36 6.41 6.16 5.3 7.63 6.62 9
11.89 12.22 11.27 11.51 9.82 10.1 9.2 9.61 7.75 8.17 7.1 7.7 5.8 6.42 7.94 8.67 13
8.35 7.69 8.61 8.06 7.64 7.09 8.18 7.83 7.52 7.25 8.1 7.75 7.8 7.53 9.22 8.72 4
12.4 11.03 11.83 10.39 10.35 8.89 9.83 8.44 8.7 7.29 8.02 6.72 7.15 5.86 8.47 7.3 4
12.23 12.45 10.91 11.23 9.94 10.24 8.49 8.84 7.83 7.96 6.56 6.65 6.34 6.13 5.73 6.07 3
10.54 9.32 9.04 7.82 8.69 7.33 7.28 5.88 7.42 5.97 6.79 5.31 7.39 5.96 5.84 4.32 3
11.16 11.66 9.86 10.43 9.85 10.35 8.51 8.99 8.26 8.51 7.72 7.85 7.89 7.75 7.33 7.59 19
8.04 7.56 7.08 6.79 6.09 6.01 6.14 6.41 5.26 5.65 5.89 6.26 5.49 5.96 7.17 7.44 3
9.13 7.7 7.99 6.54 6.63 5.16 5.56 4.17 5.26 3.85 5.98 4.71 6.13 4.98 6.86 5.68 4
10.93 11.54 9.5 10.07 8.5 9.14 7.15 7.89 6.28 6.8 6.19 6.57 5.75 5.84 6.92 7.39 15
11.48 10.19 10.29 8.95 9.5 8.28 8.02 6.78 7.91 6.64 7.83 6.45 8.09 6.76 7.82 6.35 3
5.95 5.91 5.53 5.61 6.85 6.98 6.91 7.21 8.22 8.63 9.22 9.56 10.4 10.81 9.2 9.39 0
6.75 6.0 5.7 4.81 5.05 4.45 5.48 5.25 4.97 5.13 5.87 6.26 5.86 6.53 7.04 7.34 11
8.5 8.08 7.23 6.96 6.06 5.6 6.55 5.81 5.67 4.74 6.32 5.17 5.89 4.61 7.62 6.45 5
8.13 7.49 6.61 5.96 5.95 5.65 7.14 7.01 6.99 7.14 8.05 8.34 8.18 8.67 9.15 9.36 17
5.2 4.15 6.19 4.91 6.39 4.96 7.4 5.9 7.51 5.98 8.65 7.14 8.98 7.5 9.64 8.12 9
10.68 9.85 11.25 10.32 11.47 10.65 11.88 10.98 11.69 10.9 12.76 12.02 12.73 12.09 13.97 13.18 14
10.68 11.25 9.85 10.32 9.71 9.97 8.34 8.53 8.57 8.53 7.76 7.57 8.43 8.03 6.45 6.33 14
6.9 6.11 6.83 5.76 7.51 6.33 7.93 6.58 9.25 7.88 10.2 8.77 11.38 9.96 10.11 8.64 0
5.52 6.16 5.77 6.72 7.25 8.22 7.71 8.85 8.25 9.35 9.33 10.48 9.96 11.05 9.96 11.2 17
4.6 5.51 4.72 5.25 5.8 6.11 6.01 5.93 5.92 5.65 6.87 6.35 7.13 6.49 7.81 7.23 4
5.86 5.66 6.66 6.75 7.37 7.53 7.93 8.35 7.46 8.06 8.37 9.1 8.22 9.08 9.6 10.31 4
9.37 8.17 10.84 9.64 11.39 10.11 12.64 11.4 12.54 11.37 13.63 12.47 13.66 12.57 14.79 13.59 9
11.5 12.35 10.43 11.19 9.5 10.18 9.13 9.62 7.83 8.24 7.81 8.0 6.76 6.83 9.02 9.1 13
8.59 9.09 8.01 8.32 7.84 7.91 6.54 6.48 6.37 6.15 7.5 7.17 7.65 7.21 8.66 8.36 3
8.39 7.11 8.64 7.23 8.76 7.29 8.05 6.53 7.79 6.31 8.7 7.29 8.73 7.41 9.78 8.35 14
8.39 8.64 7.11 7.23 6.23 6.5 5.6 5.62 4.37 4.53 4.53 4.67 3.79 4.12 5.77 5.77 14
6.85 7.24 5.95 6.33 5.7 6.38 5.9 6.52 5.35 6.18 6.3 7.2 6.21 7.23 7.56 8.39 19
7.35 6.2 8.31 7.18 8.12 7.18 9.5 8.6 9.74 9.04 11.0 10.34 11.35 10.85 12.01 11.24 9
7.13 6.25 7.22 6.31 6.79 5.68 7.83 6.73 7.5 6.39 8.29 7.11 8.27 7.15 9.33 8.05 17
6.26 6.18 6.68 6.41 7.08 7.01 8.31 8.09 8.53 8.38 9.7 9.62 10.07 10.03 10.63 10.58 9
9.86 8.89 10.78 9.69 10.23 9.03 9.36 8.07 10.14 8.75 10.71 9.29 11.57 10.1 10.61 9.26 14
9.86 10.78 8.89 9.69 9.02 9.8 8.3 8.89 7.11 7.77 5.95 6.5 4.99 5.63 5.99 6.33 14
10.47 11.34 9.56 10.29 9.18 9.93 8.41 8.98 8.54 9.07 8.15 8.51 8.64 8.98 7.54 7.72 3
8.58 8.2 7.33 7.14 7.82 7.91 6.86 7.19 7.73 8.28 8.56 9.13 9.49 10.19 8.68 9.11 7
8.54 7.28 7.03 5.76 6.36 5.16 4.94 3.69 4.63 3.62 5.32 4.33 5.53 4.84 6.19 5.0 0
9.38 10.39 8.11 9.16 6.95 7.89 5.95 6.89 4.93 5.67 5.41 5.81 4.89 4.98 6.7 7.05 12
7.69 8.55 6.88 7.88 5.74 6.89 5.61 6.91 4.82 6.26 5.49 6.98 5.24 6.74 6.71 8.16 0
7.26 8.58 6.94 8.13 5.58 6.69 5.93 6.77 4.98 5.59 4.85 5.24 4.41 4.44 5.61 6.07 5
7.05 7.56 7.01 7.81 5.78 6.73 6.21 7.4 5.46 6.8 4.6 6.03 4.39 5.9 4.42 5.76 15
9.67 10.6 9.18 9.95 7.85 8.54 7.54 8.05 6.45 6.79 5.17 5.58 4.39 4.53 4.96 5.67 16
9.79 11.16 9.2 10.62 8.25 9.73 7.68 9.17 7.05 8.57 5.81 7.34 5.66 7.15 4.98 6.49 12
9.22 8.14 8.18 6.97 7.47 6.24 6.36 5.01 6.01 4.69 5.25 4.15 5.46 4.52 4.69 3.8 4
10.07 9.87 9.17 8.79 8.63 8.28 8.38 7.81 7.54 6.81 6.65 5.77 6.19 5.12 6.53 5.7 17
7.92 7.39 9.12 8.7 9.02 8.85 10.38 10.24 10.76 10.51 12.05 11.77 12.49 12.13 13.0 12.77 7
6.31 4.93 6.22 4.73 4.96 3.44 5.51 4.07 6.1 4.76 7.22 5.95 7.94 6.76 7.84 6.56 0
9.49 8.31 8.4 7.13 7.16 6.0 6.17 4.88 5.82 4.39 5.74 4.21 5.9 4.39 5.94 4.45 16
12.81 11.59 11.37 10.15 10.97 9.65 9.52 8.2 8.63 7.32 7.37 6.11 6.82 5.62 6.87 5.67 18
10.48 11.29 9.31 10.01 9.39 10.02 8.32 8.81 6.99 7.6 5.87 6.35 4.69 5.37 6.14 6.31 5
9.36 10.57 8.25 9.51 7.8 8.93 6.77 7.92 5.47 6.71 4.72 6.06 3.68 5.13 5.35 6.64 15
7.59 8.11 7.01 7.67 6.98 7.91 6.66 7.69 5.31 6.33 5.27 6.24 4.26 5.17 6.49 7.44 15
4.79 5.47 4.79 5.71 4.71 5.42 5.2 6.08 4.51 5.62 5.39 6.6 5.25 6.57 6.67 7.83 16
5.83 6.61 6.39 7.41 7.14 8.13 7.87 9.02 7.14 8.43 7.81 9.2 7.45 8.91 9.05 10.43 7
5.61 4.2 7.01 5.53 7.96 6.54 9.21 7.74 10.25 8.83 10.45 9.09 11.57 10.25 9.7 8.36 0
4.22 4.8 4.31 5.04 4.89 5.94 5.47 6.52 6.8 7.73 7.68 8.57 8.89 9.71 7.55 8.46 15
3.94 5.36 4.66 6.17 4.56 6.07 5.74 7.2 6.98 8.47 8.18 9.65 9.28 10.76 8.43 9.83 9
5.57 5.53 6.0 6.0 5.1 5.16 6.15 6.27 6.92 6.76 8.07 7.93 8.89 8.55 8.6 8.67 16
6.58 6.26 5.44 5.21 5.16 5.38 4.29 4.71 5.31 5.7 5.37 5.85 6.61 7.04 4.45 5.08 2
6.17 7.36 5.41 6.78 4.35 5.76 4.01 5.54 5.22 6.75 5.76 7.25 6.99 8.47 5.33 6.76 17
6.8 6.11 6.13 5.49 4.61 4.03 4.44 4.06 4.81 4.13 5.37 4.84 6.11 5.4 5.59 5.42 15
10.66 10.25 9.24 8.86 8.71 8.58 7.3 7.25 7.46 7.5 6.61 6.75 7.26 7.48 5.29 5.47 2
9.47 10.24 8.13 9.01 7.06 7.86 5.73 6.68 5.89 7.03 5.25 6.56 5.97 7.33 4.2 5.58 1
9.76 8.97 8.57 7.81 7.22 6.51 6.15 5.53 5.7 4.82 5.14 4.32 5.26 4.21 4.94 4.5 14
9.76 8.57 8.97 7.81 9.95 8.87 9.42 8.45 10.6 9.69 11.26 10.48 12.4 11.65 10.94 10.26 14
7.43 7.14 6.93 6.35 6.0 5.33 6.31 5.31 6.31 5.17 6.02 4.68 6.5 5.16 5.66 4.22 17
4.61 4.7 4.36 3.95 5.04 4.44 5.71 4.73 5.03 3.79 5.48 4.08 5.32 3.81 6.45 5.12 0
6.85 5.35 7.97 6.45 9.13 7.59 10.39 8.86 10.33 8.83 11.28 9.81 11.4 10.0 12.26 10.76 16
5.87 6.19 5.55 5.58 6.23 5.91 6.5 5.93 5.45 4.73 5.22 4.19 4.61 3.39 6.02 4.9 8
4.95 5.99 4.33 5.05 5.51 5.96 5.55 5.6 4.75 4.59 5.39 5.15 5.13 4.69 6.6 6.45 2
5.08 4.37 6.54 5.81 7.55 6.62 8.86 7.93 9.43 8.68 10.69 9.96 11.29 10.71 11.46 10.62 0
5.85 6.76 6.7 7.81 6.37 7.67 7.43 8.8 8.75 10.07 9.82 11.18 10.98 12.31 9.85 11.29 9
4.51 4.1 4.86 3.98 4.87 3.75 5.48 4.08 6.7 5.33 7.89 6.48 8.98 7.59 8.17 6.71 17
9.43 8.65 9.76 8.86 9.32 8.23 7.93 6.83 7.94 6.97 8.53 7.51 8.81 7.95 9.09 7.93 4
9.59 8.11 9.74 8.22 10.08 8.56 8.93 7.45 8.06 6.57 8.47 7.04 7.92 6.56 9.62 8.23 13
5.13 5.65 5.63 5.91 6.13 6.04 5.56 5.17 6.58 6.1 6.71 6.04 7.9 7.22 5.91 5.05 2
6.91 5.91 7.8 6.62 7.46 6.23 8.74 7.44 9.23 7.82 9.14 7.66 9.88 8.38 8.54 7.08 5
5.14 4.96 6.3 5.88 6.18 5.51 7.62 6.84 8.54 7.94 8.99 8.47 9.99 9.6 8.65 8.08 14
5.14 6.3 4.96 5.88 5.95 6.61 5.54 5.9 5.95 6.02 6.04 5.78 6.83 6.38 5.73 5.33 14
5.48 6.42 6.96 7.94 7.6 8.68 9.05 10.15 9.83 10.79 10.59 11.47 11.43 12.2 10.71 11.62 15
10.14 10.57 9.45 9.75 8.27 8.46 7.82 7.83 9.03 8.89 9.52 9.18 10.72 10.32 8.98 8.54 2
7.02 5.6 6.37 5.09 5.59 4.3 5.32 4.34 6.66 5.77 7.58 6.71 8.79 7.96 7.47 6.59 18
4.48 4.87 4.29 4.18 5.31 4.98 5.52 4.78 6.83 6.04 7.2 6.41 8.51 7.7 6.45 5.71 15
8.18 8.71 7.98 8.25 7.7 7.93 7.63 7.55 7.87 7.74 7.08 6.9 7.78 7.56 5.77 5.59 17
10.41 10.79 9.24 9.6 7.86 8.26 6.82 7.14 6.97 6.97 6.4 6.2 7.01 6.53 5.5 5.42 17
9.21 10.24 7.83 8.91 6.83 7.95 5.54 6.77 5.99 7.38 5.43 6.91 6.38 7.88 4.16 5.64 5
7.32 7.57 5.98 6.19 5.65 6.15 4.66 5.12 5.51 5.69 5.5 5.56 6.65 6.53 4.62 4.79 19
9.41 8.63 9.34 8.65 8.09 7.53 7.12 6.4 7.95 7.1 8.27 7.52 9.24 8.41 7.85 7.33 19
13.82 14.01 13.1 13.16 11.65 11.69 11.16 11.04 9.87 9.69 9.56 9.19 8.49 8.02 10.5 10.01 13
6.24 5.76 7.5 7.18 7.65 7.61 8.67 8.6 10.0 9.97 11.12 11.06 12.28 12.25 11.2 11.09 5
4.67 4.31 5.37 4.62 5.42 4.33 6.81 5.7 7.82 6.59 9.11 7.88 10.04 8.75 9.61 8.46 16
5.74 6.6 6.5 7.57 7.32 8.46 8.77 9.84 9.63 10.82 10.9 12.06 11.72 12.96 11.47 12.52 0
6.52 6.76 5.18 5.44 4.94 5.58 5.56 6.15 4.84 5.44 5.66 6.14 5.46 5.9 6.93 7.35 9
9.18 8.69 7.71 7.29 6.89 6.24 6.77 5.94 5.52 4.72 5.64 4.77 4.77 4.0 6.89 5.93 5
10.63 11.26 9.13 9.8 8.51 9.06 7.8 8.15 6.34 6.72 5.67 5.83 4.35 4.53 6.53 6.45 2
8.6 7.16 7.18 5.79 7.19 5.91 6.61 5.33 5.41 4.28 4.93 3.93 4.09 3.44 5.69 4.63 18
5.59 5.5 6.71 6.84 7.37 7.54 8.74 9.0 9.53 9.82 10.46 10.62 11.27 11.47 10.74 10.73 1
4.74 4.6 5.34 4.76 5.19 4.43 6.46 5.47 6.75 5.68 7.58 6.64 8.12 7.14 8.15 7.37 2
7.33 6.73 7.43 6.54 6.23 5.19 6.89 5.62 6.17 4.76 5.88 4.37 5.62 4.08 6.25 4.83 17
10.47 9.77 10.56 9.7 9.47 8.62 10.09 9.14 9.28 8.34 9.43 8.63 8.93 8.16 10.31 9.63 7
11.52 11.63 10.92 11.04 9.41 9.54 9.14 9.22 7.75 7.85 7.11 6.99 5.9 5.78 7.88 7.53 3
6.75 6.43 6.18 5.76 4.75 4.25 4.8 4.14 5.69 4.69 6.22 5.14 7.27 6.03 6.02 5.1 15
5.57 7.01 4.72 6.21 3.9 5.42 3.8 5.23 5.22 6.6 5.87 7.1 7.19 8.42 5.45 6.48 5
5.47 5.6 5.07 5.03 5.4 5.63 5.73 5.78 7.05 6.91 7.89 7.65 9.1 8.77 7.72 7.5 16
7.68 6.56 7.06 5.95 5.55 4.45 5.33 3.95 6.33 4.92 6.34 5.03 7.55 6.25 5.38 4.23 16
10.01 9.96 8.96 8.84 7.52 7.49 7.05 6.85 7.34 6.84 6.65 5.96 7.4 6.48 5.41 4.8 17
9.94 10.3 9.1 9.3 7.81 7.97 7.25 7.17 6.25 6.03 6.18 5.64 5.58 4.87 7.05 6.37 17
7.97 7.85 7.61 7.4 6.25 5.94 6.4 5.98 5.46 4.86 5.99 5.25 5.53 4.61 7.26 6.56 2
7.31 8.54 7.36 8.41 7.05 7.93 7.02 7.66 6.0 6.62 4.77 5.31 4.13 4.59 4.53 5.0 11
6.25 7.01 6.39 7.39 6.87 8.03 6.92 8.25 5.71 7.12 5.08 6.55 4.19 5.71 5.7 7.11 1
4.85 5.6 4.64 4.99 5.71 5.94 5.73 5.63 4.81 4.68 5.13 5.21 4.74 4.81 6.21 6.45 2
5.54 6.03 7.02 7.53 8.02 8.42 9.42 9.81 10.41 10.88 11.1 11.71 12.1 12.74 10.98 11.66 17
4.89 4.71 5.84 5.38 7.28 6.82 8.3 7.75 9.39 8.69 9.77 8.89 10.9 9.96 9.21 8.23 15
5.11 3.91 6.04 4.68 6.03 4.74 7.22 5.87 7.12 5.69 8.2 6.8 8.37 6.99 9.29 7.92 3
6.92 5.87 8.29 7.34 9.43 8.33 10.72 9.7 10.91 9.99 12.11 11.24 12.4 11.61 13.12 12.22 17
9.45 8.4 10.47 9.47 11.16 10.05 12.38 11.33 13.51 12.45 14.74 13.7 15.74 14.7 15.06 14.06 19
5.94 5.33 4.58 4.23 4.13 3.9 5.18 5.24 5.38 5.76 5.11 5.83 5.83 6.71 4.55 5.39 15
8.47 7.96 7.22 6.88 6.06 5.55 6.49 5.88 6.88 6.53 6.29 6.15 7.14 7.19 5.08 4.94 5
10.74 10.56 9.75 9.73 9.04 8.93 10.09 9.97 10.71 10.77 10.42 10.63 11.27 11.61 9.46 9.66 19
6.9 5.57 6.45 5.0 5.81 4.29 5.89 4.39 5.91 4.51 6.68 5.39 7.05 5.91 7.37 6.09 19
5.15 5.52 5.68 5.64 4.88 4.53 6.05 5.38 5.88 4.9 6.99 5.86 7.18 5.87 8.11 7.05 0
7.32 7.53 8.33 8.74 8.01 8.64 9.33 10.05 9.35 10.26 10.42 11.41 10.63 11.73 11.44 12.37 12
9.13 8.1 8.15 7.02 8.17 7.16 7.41 6.35 5.98 5.01 5.24 4.26 3.97 3.15 6.02 4.96 16
10.62 12.06 9.52 10.9 8.91 10.25 7.92 9.16 6.59 7.89 5.68 6.88 4.54 5.81 6.17 7.16 11
8.98 9.39 7.86 8.43 6.76 7.19 5.76 6.41 4.89 5.74 4.31 5.44 4.0 5.26 4.58 5.77 7
11.75 13.19 10.39 11.87 9.31 10.76 7.97 9.46 7.39 8.84 6.41 7.86 6.29 7.63 5.86 7.36 11
11.24 11.34 9.75 9.9 9.14 9.45 7.66 8.04 6.91 7.08 5.61 5.75 5.31 5.15 4.87 5.29 13
10.35 11.59 8.83 10.1 8.43 9.73 6.98 8.32 6.87 8.32 5.86 7.36 6.3 7.83 4.63 6.12 8
9.69 10.86 8.32 9.56 8.58 9.9 7.42 8.8 7.1 8.56 6.25 7.76 6.43 7.96 5.54 7.02 19
9.01 7.85 7.93 6.84 8.56 7.52 7.75 6.86 6.97 5.97 6.31 5.48 5.95 5.04 6.39 5.84 5
5.63 5.59 6.79 6.95 6.65 7.12 8.05 8.55 8.58 8.91 8.44 8.76 9.24 9.41 7.74 8.23 16
4.73 4.47 5.45 4.76 5.35 4.41 6.77 5.68 7.8 6.87 8.23 7.42 9.33 8.62 7.78 6.99 15
9.44 9.56 10.08 10.05 9.73 9.47 10.97 10.59 12.14 11.79 12.48 12.07 13.66 13.28 11.78 11.26 19
6.21 4.78 5.13 3.86 5.85 4.84 5.19 4.54 6.18 5.7 6.21 5.89 7.41 7.17 5.27 5.03 17
8.78 10.05 7.46 8.8 7.82 9.27 6.8 8.3 7.02 8.55 6.32 7.82 7.03 8.48 5.13 6.61 12
9.49 10.53 8.17 9.17 8.24 9.02 7.32 8.0 6.88 7.32 5.67 6.04 5.76 5.81 4.62 5.24 0
6.93 5.58 6.57 5.2 6.07 4.59 6.53 5.15 5.76 4.49 5.43 4.42 5.14 4.39 5.85 4.95 2
8.58 9.47 7.67 8.41 7.33 7.88 7.07 7.36 6.11 6.23 5.03 5.04 4.48 4.2 4.89 5.02 11
6.8 5.42 5.91 4.61 6.32 5.27 6.17 5.31 5.97 5.45 5.08 4.85 5.49 5.59 4.11 3.87 6
10.02 8.72 9.53 8.21 8.47 7.25 8.51 7.34 7.93 6.67 7.9 6.74 7.69 6.5 8.41 7.41 9
6.28 6.29 6.78 7.05 7.96 8.33 8.69 9.23 9.99 10.55 11.04 11.66 12.19 12.82 11.06 11.72 18
4.89 5.0 4.65 4.37 5.97 5.42 6.25 5.42 7.69 6.78 8.49 7.48 9.78 8.75 8.18 7.13 2
5.2 6.72 4.68 6.18 5.91 7.33 5.96 7.23 7.29 8.5 7.82 8.87 9.11 10.14 7.26 8.14 8
5.69 4.82 4.74 3.98 5.08 4.07 4.7 3.93 5.46 4.57 5.6 4.9 6.66 5.88 5.02 4.68 10
8.75 7.58 10.21 8.97 11.21 10.07 12.61 11.41 13.65 12.53 14.93 13.79 15.86 14.77 15.37 14.15 4
6.29 6.26 6.35 6.03 5.19 4.79 5.97 5.35 5.37 4.6 5.07 4.54 5.03 4.4 5.33 5.16 16
5.32 6.4 5.56 6.88 4.67 6.12 5.46 6.98 5.35 6.89 4.69 6.17 5.22 6.59 3.94 5.37 16
4.24 5.1 4.36 4.81 4.3 4.71 4.83 4.77 5.56 5.48 5.29 5.19 6.41 6.31 4.17 4.02 16
6.92 6.76 6.56 6.39 6.07 5.59 6.13 5.69 5.08 4.89 5.46 5.4 4.9 5.13 6.7 6.51 7
5.9 6.74 5.49 6.56 5.87 7.14 5.91 7.31 4.77 6.23 5.06 6.51 4.4 5.82 6.31 7.73 5
4.37 4.76 3.72 3.69 4.8 4.55 4.83 4.18 4.32 3.77 4.71 3.93 4.82 4.24 5.48 4.39 13
13.48 11.97 12.14 10.64 11.53 10.02 10.42 8.94 9.15 7.66 7.99 6.52 6.9 5.42 8.08 6.7 10
11.63 10.96 10.44 9.74 9.14 8.56 8.13 7.54 7.63 6.8 6.71 5.82 6.67 5.53 6.14 5.48 7
9.81 10.67 8.78 9.78 7.32 8.29 6.47 7.6 6.69 7.99 6.22 7.64 6.91 8.39 5.36 6.79 19
6.62 5.96 5.86 5.31 4.37 3.81 4.16 3.76 4.46 4.55 4.68 5.0 5.47 6.05 4.61 4.81 5
7.26 6.54 7.28 6.85 6.12 5.94 6.78 6.9 7.15 7.28 7.78 8.12 8.38 8.7 8.1 8.62 18
9.94 8.82 10.12 8.85 10.09 8.77 9.12 7.73 9.83 8.35 9.4 7.89 10.37 8.84 8.15 6.63 18
10.16 9.69 9.46 9.21 8.79 8.62 7.31 7.23 7.25 7.46 6.31 6.69 6.77 7.39 5.11 5.4 12
8.7 9.16 7.75 8.31 6.62 7.01 5.25 5.82 5.07 5.84 4.46 5.51 4.93 6.06 3.85 5.07 3
11.42 12.87 10.17 11.65 9.21 10.66 7.86 9.3 7.01 8.51 6.01 7.52 5.56 7.09 5.79 7.23 2
10.74 11.11 9.54 10.05 9.12 9.7 7.71 8.25 6.75 7.5 5.43 6.18 4.84 5.85 4.98 5.44 15
9.36 8.16 10.51 9.3 11.32 10.0 12.58 11.28 13.6 12.34 14.76 13.53 15.69 14.49 15.09 13.86 14
9.36 10.51 8.16 9.3 8.31 9.55 7.28 8.63 6.18 7.46 5.08 6.44 4.3 5.54 5.11 6.6 14
7.12 7.31 6.41 6.71 6.88 6.97 5.93 5.85 5.55 5.69 4.78 4.88 5.01 5.35 4.24 3.96 4
5.26 5.69 5.03 5.25 6.25 6.51 6.15 6.56 6.14 6.3 6.18 6.39 6.61 6.59 6.19 6.69 4
7.26 6.49 7.08 6.04 7.79 6.65 8.18 6.87 7.24 5.84 7.79 6.31 7.2 5.71 9.11 7.62 3
10.74 9.51 9.67 8.38 10.0 8.6 9.32 7.9 7.97 6.52 7.46 6.01 6.32 4.84 8.3 6.91 15
11.43 11.72 9.94 10.29 9.15 9.4 7.73 8.08 6.9 7.17 5.58 5.88 5.17 5.34 4.92 5.39 5
9.42 10.28 7.93 8.86 7.71 8.8 6.4 7.61 5.33 6.45 4.24 5.47 3.56 4.6 4.24 5.67 0
7.78 7.93 6.33 6.53 6.27 6.23 4.95 4.88 4.74 5.03 4.21 4.55 4.68 5.31 3.77 3.74 16
11.62 10.74 10.7 9.71 9.56 8.51 9.02 7.82 8.26 6.98 6.95 5.65 6.58 5.22 6.22 5.02 16
5.54 5.39 5.75 5.2 5.41 4.59 6.59 5.52 7.06 5.92 7.97 6.69 8.62 7.34 8.48 7.12 16
5.55 4.87 6.21 5.63 5.6 5.07 6.86 6.31 6.84 6.25 7.89 7.38 8.14 7.63 8.88 8.46 7
8.07 8.17 8.07 7.89 6.86 6.53 7.51 6.87 6.9 6.06 7.4 6.33 7.17 5.96 8.4 7.3 17
5.72 6.12 6.69 7.31 6.38 7.22 7.77 8.68 7.95 8.96 8.25 9.42 8.72 9.93 8.38 9.63 17
5.39 5.39 5.7 5.29 4.72 4.02 5.69 4.7 5.32 4.09 5.69 4.26 5.82 4.32 6.34 4.93 7
8.44 8.02 8.36 7.74 7.69 7.13 7.84 7.06 7.36 6.65 8.28 7.66 8.12 7.6 9.52 8.9 8
10.08 9.72 9.74 9.17 8.48 7.82 8.38 7.51 7.23 6.23 7.44 6.28 6.61 5.33 8.68 7.51 3
7.32 7.48 7.14 6.99 7.67 7.33 7.72 7.09 6.5 5.73 6.37 5.42 5.46 4.34 7.41 6.47 3
5.76 6.52 6.17 7.18 6.43 7.59 7.09 8.4 6.38 7.77 6.36 7.84 6.08 7.57 7.0 8.49 0
4.44 5.1 5.2 5.53 4.97 4.88 6.12 5.85 6.2 6.03 6.43 6.06 6.91 6.67 6.57 5.9 17
8.95 7.89 8.58 7.39 7.73 6.63 7.6 6.4 6.91 5.55 5.9 4.53 5.66 4.18 5.47 4.31 12
9.93 8.95 9.63 8.49 8.21 7.02 8.35 7.01 9.3 7.88 9.17 7.69 10.28 8.8 8.07 6.56 10
8.13 7.47 8.87 8.43 8.17 7.97 9.3 9.26 9.92 9.86 9.65 9.7 10.52 10.54 8.7 8.92 8
12.89 11.87 11.87 10.97 10.74 9.83 9.87 9.14 9.42 8.72 8.42 7.65 8.35 7.67 7.7 6.78 12
6.67 5.47 6.62 5.53 5.34 4.39 4.9 3.75 6.08 4.96 6.49 5.59 7.73 6.81 5.91 5.29 12
7.6 8.24 6.78 7.25 5.27 5.78 5.08 5.37 5.71 5.61 5.34 4.93 6.4 5.76 4.15 3.69 13
6.93 8.06 5.95 7.22 4.88 6.24 5.75 7.18 6.42 7.92 6.18 7.71 7.21 8.72 5.17 6.68 12
7.63 6.88 6.29 5.48 5.87 5.31 6.89 6.28 6.88 6.05 6.37 5.58 6.83 5.89 5.74 5.25 7
7.28 7.54 5.78 6.02 5.2 5.35 3.73 3.84 3.72 3.63 4.3 3.73 4.87 4.25 4.82 3.97 15
10.0 11.46 8.68 10.1 7.7 9.14 6.42 7.8 5.67 7.03 6.08 7.29 5.8 6.91 7.1 8.23 3
6.86 5.51 6.06 4.63 5.68 4.45 5.28 4.12 5.51 4.68 6.78 6.0 7.26 6.72 7.75 6.79 7
7.83 8.44 7.16 7.63 6.05 6.34 5.75 5.84 5.08 4.83 5.93 5.39 5.75 4.9 7.21 6.72 2
8.69 7.55 8.88 7.76 8.35 7.13 8.91 7.78 8.83 7.65 9.83 8.59 9.97 8.73 10.87 9.58 11
10.9 9.98 9.42 8.47 8.59 7.7 8.85 7.82 8.37 7.17 7.23 5.97 7.19 5.78 6.36 5.24 13
8.7 7.6 7.28 6.24 6.27 5.19 4.89 3.76 5.21 3.89 5.57 4.09 6.29 4.82 5.64 4.13 11
13.32 12.94 12.4 12.0 11.78 11.55 10.54 10.29 9.47 9.13 8.66 8.45 7.85 7.54 8.9 8.91 3
14.23 13.62 13.05 12.35 13.42 12.63 13.37 12.66 12.04 11.38 11.34 10.6 10.18 9.5 11.93 11.06 18
6.27 7.0 5.94 6.41 4.65 4.95 4.92 4.85 4.21 3.75 4.77 4.01 4.67 3.55 5.83 5.17 5
5.87 4.92 5.75 4.52 7.15 5.87 7.34 6.0 6.9 5.71 7.72 6.69 7.63 6.79 8.85 7.79 3
12.22 10.75 10.9 9.41 11.22 9.7 10.19 8.66 10.07 8.55 11.02 9.53 11.09 9.65 12.05 10.56 8
4.39 4.09 5.24 4.9 5.12 4.53 6.46 5.91 6.8 6.13 6.78 6.28 7.48 6.89 6.4 6.2 3
6.07 7.46 6.13 7.58 5.88 7.41 6.57 8.06 6.73 8.19 6.11 7.48 6.76 8.04 5.12 6.42 16
8.0 9.0 7.38 8.22 6.51 7.42 6.42 7.08 5.86 6.53 4.66 5.28 4.7 5.28 3.76 4.31 11
8.21 7.36 8.06 6.99 6.79 5.61 7.2 5.82 6.27 4.79 5.62 4.12 5.11 3.58 5.9 4.53 17
9.55 8.82 8.56 7.95 7.35 6.88 6.51 6.21 5.54 5.52 6.09 6.35 5.59 6.12 7.4 7.64 1
9.24 10.39 7.85 8.98 6.85 7.92 5.46 6.51 4.67 5.58 4.95 5.52 4.74 5.05 5.88 6.31 7
10.88 10.03 9.6 8.66 8.62 7.7 7.5 6.44 6.63 5.62 5.59 4.78 5.14 4.46 5.35 4.72 13
13.73 13.35 12.91 12.45 11.5 11.01 10.93 10.33 9.57 8.92 8.48 7.95 7.28 6.67 8.76 8.43 7
11.64 11.16 10.71 10.08 11.12 10.33 10.66 9.88 9.24 8.44 8.8 7.83 7.55 6.54 9.76 8.66 10
6.37 5.25 6.23 5.32 7.48 6.55 7.7 6.61 6.93 5.91 7.56 6.53 7.17 6.28 8.79 7.68 3
9.49 9.95 9.07 9.3 10.07 10.15 9.88 9.72 8.84 8.6 8.09 7.68 7.33 6.82 8.34 7.85 16
8.55 9.25 7.91 8.39 8.13 8.47 7.73 7.81 6.32 6.35 5.84 5.65 4.63 4.33 6.8 6.47 13
5.09 5.19 4.5 4.58 5.2 5.57 5.14 5.5 4.08 4.67 3.82 4.22 3.35 3.98 4.6 4.59 3
5.15 4.88 5.94 5.41 6.64 5.8 5.89 4.82 5.49 4.27 5.66 4.24 5.76 4.35 6.16 4.68 16
13.21 12.86 12.54 12.23 12.94 12.5 12.49 11.89 11.06 10.44 10.62 9.85 9.35 8.54 11.58 10.69 19
8.86 8.95 7.67 7.64 7.96 7.64 8.14 7.75 6.99 6.63 7.16 6.69 6.34 5.91 8.36 7.77 0
8.37 7.1 7.11 5.81 7.58 6.22 8.67 7.41 8.35 7.26 9.24 8.26 9.19 8.39 10.36 9.31 18
10.54 9.65 9.7 8.68 8.7 7.62 7.63 6.73 6.81 5.96 5.66 5.0 5.27 4.73 5.23 4.72 13
11.04 10.24 10.72 9.78 10.5 9.62 9.28 8.54 8.03 7.18 6.9 6.14 5.85 4.94 7.02 6.51 0
5.18 5.26 4.92 4.56 6.18 5.68 6.37 6.01 5.73 5.26 6.39 5.66 6.2 5.41 7.51 6.67 17
6.88 6.33 7.01 6.35 8.06 7.54 8.51 7.92 9.36 8.57 10.64 9.85 11.45 10.53 11.23 10.58 13
5.63 5.0 5.67 5.13 4.48 4.07 5.26 5.0 6.25 6.2 6.25 6.51 7.45 7.78 5.29 5.8 0
7.85 9.07 7.12 8.32 5.6 6.81 5.28 6.4 6.09 7.29 5.96 7.27 7.08 8.37 4.96 6.36 5
9.83 10.92 9.29 10.52 7.94 9.16 7.76 9.11 8.02 9.45 7.26 8.71 7.96 9.42 5.98 7.42 3
7.87 6.73 7.64 6.73 6.72 5.96 6.97 6.52 6.86 6.52 5.86 5.69 6.3 6.25 4.65 4.57 9
9.24 10.75 8.75 10.27 8.23 9.75 8.1 9.57 7.28 8.72 5.98 7.4 5.57 6.9 5.33 6.78 14
9.24 8.75 10.75 10.27 11.62 11.0 11.89 11.32 12.73 12.3 14.05 13.6 14.81 14.47 14.68 14.11 14
7.93 6.56 7.58 6.21 7.74 6.56 7.78 6.68 6.65 5.56 5.61 4.71 4.77 3.94 5.72 5.04 7
7.78 6.63 6.42 5.34 6.57 5.76 5.47 4.86 4.22 3.71 4.32 4.16 3.57 3.65 5.54 5.48 2
10.23 11.48 9.13 10.41 9.32 10.71 8.46 9.85 7.02 8.42 6.45 7.93 5.17 6.67 7.35 8.87 17
11.41 10.61 10.4 9.67 10.15 9.29 9.35 8.59 8.04 7.38 6.97 6.17 5.83 5.19 7.22 6.19 11
5.41 3.95 5.42 4.07 5.28 3.95 6.63 5.25 7.74 6.41 8.3 7.1 9.43 8.27 7.93 6.87 11
10.63 9.59 11.97 10.89 12.84 11.88 12.32 11.46 13.37 12.61 13.39 12.75 14.52 13.94 12.41 11.81 4
4.59 3.71 4.62 4.03 5.06 4.88 4.25 4.43 5.28 5.72 5.42 6.12 6.65 7.43 4.61 5.46 0
6.97 8.06 7.44 8.68 7.44 8.82 6.13 7.57 6.58 8.08 5.99 7.51 6.9 8.4 4.68 6.2 16
8.78 8.95 8.64 8.56 8.06 7.94 6.6 6.59 6.31 6.24 5.25 5.29 5.55 5.52 4.18 4.46 13
8.98 8.64 8.84 8.66 7.62 7.45 7.86 7.9 7.21 7.24 6.09 6.29 5.9 6.08 5.48 5.89 4
8.74 8.24 8.23 7.59 7.43 6.58 7.18 6.21 7.09 5.89 6.08 4.76 6.54 5.08 4.82 3.6 3
6.34 6.12 6.41 6.51 6.19 6.3 6.63 7.04 7.17 7.55 6.69 7.11 7.63 8.0 5.46 6.0 9
8.74 7.46 8.22 6.81 8.52 7.09 8.21 6.73 9.1 7.66 8.96 7.62 10.04 8.75 7.91 6.65 3
6.93 6.2 6.27 5.31 7.37 6.21 7.2 5.92 8.37 6.98 8.84 7.41 10.02 8.56 8.32 6.94 9
8.52 7.48 9.84 8.73 10.76 9.77 11.4 10.38 12.02 10.88 12.58 11.4 13.29 12.03 12.59 11.5 11
12.78 12.33 12.27 11.71 12.99 12.28 12.16 11.31 11.83 10.9 10.87 9.85 10.88 9.79 10.07 9.03 8
7.59 7.42 7.14 6.67 8.42 7.78 8.35 7.46 9.74 8.77 10.46 9.44 11.74 10.68 10.05 9.04 9
12.39 12.24 11.27 11.14 9.99 9.77 9.1 8.87 7.9 7.55 6.88 6.53 5.91 5.38 7.05 6.89 12
8.95 7.96 7.85 7.03 6.74 5.88 5.99 5.43 5.1 4.58 4.32 4.18 3.96 3.92 4.43 4.62 4
11.84 10.88 10.43 9.43 9.81 8.72 8.59 7.41 8.19 6.94 7.08 5.77 7.14 5.81 6.14 4.81 3
10.24 9.36 9.03 8.29 8.86 8.13 8.02 7.51 8.17 7.7 7.55 7.26 8.11 7.86 6.61 6.52 15
7.46 6.46 6.21 5.3 6.31 5.3 6.87 6.11 6.06 5.54 6.58 6.33 6.2 6.22 7.74 7.5 7
6.91 7.5 5.91 6.75 6.77 7.8 7.17 8.33 6.6 7.93 6.77 8.16 6.63 8.1 7.44 8.73 4
9.38 8.97 7.93 7.45 7.89 7.17 7.32 6.62 5.99 5.21 5.28 4.66 4.19 3.46 5.97 5.59 2
7.58 6.88 6.44 5.94 6.79 6.62 5.98 6.04 5.17 5.52 4.25 4.87 3.98 4.93 4.11 4.66 7
9.11 8.41 8.12 7.63 8.34 8.05 7.36 7.12 6.67 6.72 5.73 5.95 5.52 6.06 5.4 5.43 5
8.96 8.07 7.8 6.84 8.3 7.35 7.92 7.2 7.13 6.44 6.74 6.3 6.36 5.98 7.09 6.88 15
6.74 6.15 6.47 5.7 7.7 6.75 7.65 6.47 7.86 6.6 7.93 6.54 8.47 7.08 7.78 6.31 3
7.86 6.45 9.17 7.75 9.19 7.78 10.64 9.25 11.01 9.64 11.05 9.78 11.63 10.4 10.72 9.54 16
8.79 9.22 8.75 9.18 8.31 8.51 8.64 8.85 8.4 8.39 8.51 8.48 8.6 8.36 8.82 8.98 13
6.44 5.55 6.04 5.43 6.29 5.62 6.35 6.02 6.86 6.5 7.0 6.88 7.8 7.64 6.67 6.83 7
7.56 8.37 6.51 7.37 6.05 6.63 5.3 5.89 5.15 5.36 4.58 4.63 5.07 4.71 4.01 4.34 11
7.06 5.54 5.73 4.22 6.04 4.59 5.04 3.77 5.83 4.76 5.6 4.83 6.74 6.08 4.45 3.93 15
9.74 10.77 8.24 9.31 7.87 8.87 6.43 7.47 6.38 7.26 5.41 6.17 5.95 6.49 4.14 4.96 15
5.12 5.01 5.57 5.43 6.86 6.48 7.27 6.79 6.3 5.84 6.81 6.26 6.24 5.74 8.1 7.48 13
5.68 6.65 6.83 7.69 8.16 9.11 9.16 10.08 8.68 9.56 9.59 10.45 9.39 10.18 10.85 11.73 15
6.7 7.31 5.82 6.27 6.3 6.79 7.69 8.04 7.86 7.93 9.1 9.07 9.44 9.2 10.14 10.22 5
6.47 5.79 5.28 4.42 5.91 4.81 5.67 4.69 6.9 5.86 7.51 6.63 8.72 7.78 7.13 6.5 3
7.02 6.21 5.82 5.04 5.32 4.21 6.48 5.27 6.64 5.55 7.73 6.61 8.12 7.15 8.63 7.38 3
6.4 7.06 5.66 6.58 6.19 7.32 5.33 6.58 6.37 7.66 6.41 7.67 7.63 8.89 5.45 6.64 1
5.55 6.64 5.5 6.82 5.71 7.1 4.76 6.22 5.32 6.69 4.98 6.23 6.02 7.13 3.9 5.13 5
4.35 5.5 5.0 6.05 4.86 5.58 4.57 5.22 4.66 4.87 4.61 4.6 5.27 4.87 4.42 4.63 7
5.06 4.71 6.46 6.22 6.95 6.95 7.36 7.61 7.81 8.25 8.13 8.78 8.82 9.57 8.05 8.77 0
11.2 10.12 11.15 9.96 11.59 10.46 10.57 9.46 11.11 10.12 10.52 9.64 11.34 10.57 9.22 8.35 19
5.92 4.76 7.15 5.84 8.02 6.77 9.32 8.12 10.13 9.02 11.14 10.1 11.95 10.98 11.5 10.46 12
7.84 7.23 9.13 8.45 10.33 9.76 11.36 10.68 12.38 11.78 13.22 12.58 14.19 13.63 13.22 12.46 4
8.09 6.99 9.45 8.41 9.63 8.68 10.83 9.99 11.19 10.38 12.2 11.48 12.64 11.97 12.9 12.24 1
8.08 7.32 7.51 6.98 8.51 8.04 8.49 8.27 9.54 9.33 9.92 9.89 11.02 10.97 9.38 9.54 17
7.96 7.62 6.68 6.5 5.85 5.44 4.97 4.81 4.34 3.92 3.82 3.62 3.88 3.41 3.88 4.19 12
11.04 11.7 9.6 10.32 8.69 9.24 7.4 8.01 6.56 6.95 5.38 5.74 4.98 5.0 4.93 5.57 15
10.21 9.63 9.16 8.45 9.88 8.97 9.06 8.0 10.04 8.86 9.88 8.6 11.02 9.69 8.72 7.4 13
8.09 6.59 7.38 5.96 8.49 7.16 8.19 7.03 9.43 8.34 9.7 8.78 10.96 10.07 8.87 8.09 2
8.62 8.76 8.88 8.79 7.86 7.69 8.74 8.44 10.09 9.87 11.09 10.82 12.29 12.08 11.01 10.65 3
7.18 6.17 8.2 7.01 9.04 7.89 10.23 8.97 10.0 8.63 11.04 9.62 11.01 9.53 12.24 10.84 8
6.55 5.43 7.53 6.23 8.95 7.7 9.98 8.63 9.99 8.6 10.92 9.49 11.12 9.69 11.83 10.36 9
12.24 10.72 10.89 9.39 9.88 8.36 8.8 7.32 8.25 6.81 7.38 5.95 7.24 5.93 6.96 5.46 1
11.8 10.36 10.84 9.47 9.45 8.09 8.54 7.25 9.3 8.14 9.54 8.5 10.46 9.51 9.09 8.08 1
6.6 5.25 5.73 4.43 6.14 5.11 5.54 4.74 6.22 5.71 7.42 6.94 8.18 7.88 8.05 7.41 17
7.03 6.57 6.64 6.49 5.37 5.44 5.74 6.18 6.39 6.85 5.99 6.51 7.03 7.53 4.75 5.35 5
6.73 8.19 6.23 7.67 4.77 6.22 4.77 6.04 6.0 7.24 6.32 7.55 7.61 8.8 5.59 6.82 1
5.87 7.02 6.25 7.55 5.39 6.72 6.2 7.61 7.6 8.97 8.24 9.51 9.54 10.8 7.75 8.9 1
4.52 5.3 5.66 6.38 5.75 6.61 6.97 7.68 8.12 8.81 8.94 9.78 10.04 10.84 8.86 9.85 0
6.04 6.07 7.55 7.55 8.07 8.06 9.53 9.57 10.34 10.25 10.91 10.65 11.78 11.45 10.79 10.44 16
7.32 6.27 8.03 6.82 9.13 7.99 10.21 8.96 9.83 8.49 9.69 8.4 9.62 8.28 9.89 8.73 14
7.32 8.03 6.27 6.82 5.73 6.07 4.77 4.85 4.46 4.27 5.44 4.93 5.63 4.94 6.51 5.96 14
7.09 8.53 6.6 8.1 5.66 7.13 5.45 6.9 4.69 6.01 5.48 6.63 5.27 6.16 6.76 7.94 3
6.39 6.27 6.04 6.28 4.67 5.06 4.87 5.67 3.86 4.93 3.93 5.03 3.57 4.85 4.9 5.77 12
9.61 10.45 9.03 10.04 7.52 8.56 7.3 8.5 5.98 7.22 5.18 6.54 4.08 5.49 5.76 7.17 5
12.1 13.55 11.25 12.7 9.77 11.21 9.08 10.51 7.62 9.05 6.95 8.3 5.62 6.97 7.77 9.01 1
8.29 7.29 8.29 7.46 8.48 7.59 8.58 7.9 8.81 8.1 10.06 9.33 10.41 9.69 11.08 10.33 16
5.8 6.17 6.16 6.28 7.39 7.59 7.89 7.91 9.02 9.15 10.28 10.36 11.29 11.44 10.65 10.61 0
6.07 5.44 7.13 6.72 8.47 7.97 9.5 9.17 10.7 10.32 11.78 11.31 12.86 12.37 11.91 11.38 9
5.83 4.43 7.26 5.91 7.9 6.57 9.25 7.98 10.08 8.84 11.4 10.16 12.18 10.98 12.05 10.78 1
5.31 5.82 6.58 7.24 7.21 7.99 8.66 9.47 9.45 10.33 10.61 11.55 11.39 12.37 11.12 12.07 1
5.48 6.06 6.12 6.42 7.09 7.16 8.15 8.09 9.17 8.96 10.07 9.72 11.06 10.63 10.15 9.76 10
6.09 5.92 5.48 5.29 6.69 6.51 6.66 6.39 8.0 7.77 8.45 8.27 9.75 9.59 7.77 7.61 9
11.5 11.09 11.01 10.46 9.58 9.04 9.27 8.53 9.12 8.24 8.06 7.13 8.35 7.31 6.87 6.05 3
11.66 10.52 10.7 9.56 9.24 8.14 8.57 7.54 9.1 8.26 8.72 8.07 9.55 9.05 7.72 7.11 3
8.29 7.01 8.0 6.57 7.62 6.18 7.83 6.32 7.0 5.48 7.64 6.14 7.19 5.77 8.93 7.42 3
6.51 6.26 6.48 5.88 7.19 6.44 7.63 6.62 6.68 5.49 6.62 5.35 6.05 4.64 7.47 6.28 7
5.57 6.28 6.24 7.2 6.68 7.76 7.72 8.93 7.37 8.69 7.93 9.24 7.92 9.28 8.77 9.97 9
7.02 6.75 6.67 6.08 5.24 4.56 5.48 4.43 6.04 5.03 5.58 4.66 6.59 5.76 4.33 3.48 16
4.46 4.85 5.1 5.05 4.8 4.35 6.03 5.31 6.32 5.55 7.38 6.73 7.89 7.23 8.16 7.63 16
6.05 6.89 6.19 7.29 5.2 6.42 5.75 7.14 5.58 7.04 4.78 6.28 5.25 6.69 3.91 5.43 0
4.83 6.05 5.13 6.17 4.97 6.04 5.48 6.25 4.71 5.18 4.18 4.51 4.02 3.88 4.41 4.93 12
5.18 5.02 6.3 6.19 6.89 7.08 7.89 8.1 7.47 7.76 7.46 7.98 7.43 8.0 7.82 8.5 9
8.61 7.26 8.01 6.56 7.62 6.12 6.31 4.78 6.23 4.75 5.63 4.24 6.09 4.89 4.96 3.57 16
5.67 5.6 6.22 6.45 7.55 7.68 8.28 8.62 8.7 9.2 8.45 9.16 9.18 9.97 7.73 8.55 7
6.6 6.98 6.36 6.44 7.26 7.33 7.38 7.19 7.98 7.56 7.57 6.93 8.5 7.73 6.43 5.7 19
8.99 9.83 7.93 8.74 7.91 8.89 7.06 8.0 7.63 8.36 7.18 7.69 8.11 8.44 5.99 6.44 2
8.34 9.38 6.95 8.02 6.34 7.18 5.01 5.86 5.37 6.29 5.19 6.3 6.04 7.1 4.55 5.86 0
10.4 11.83 8.9 10.35 8.65 10.12 7.22 8.7 6.79 8.31 5.95 7.47 6.03 7.51 5.41 6.86 1
9.03 8.46 7.74 7.31 8.16 7.93 7.11 7.08 6.49 6.67 5.24 5.49 5.14 5.63 4.38 4.4 17
6.78 6.33 7.96 7.62 8.88 8.68 10.3 9.99 11.26 11.04 12.57 12.33 13.44 13.27 13.11 12.77 4
6.9 6.74 6.64 6.16 7.36 6.79 6.7 5.98 7.71 7.0 7.9 7.08 9.04 8.26 7.16 6.19 13
5.57 6.34 5.91 6.95 6.29 7.47 5.92 7.28 6.63 8.02 7.1 8.56 8.0 9.43 6.96 8.48 19
4.34 4.84 4.88 4.97 4.59 4.22 4.68 4.05 4.89 3.83 5.71 4.51 6.28 4.9 6.3 5.27 0
8.36 7.08 7.46 6.11 6.36 4.92 5.74 4.26 4.92 3.39 5.67 4.18 5.37 4.04 6.98 5.48 16
7.76 6.29 8.99 7.48 9.46 7.96 8.44 6.98 7.7 6.22 8.36 6.93 7.96 6.59 9.61 8.19 3
8.0 6.73 7.69 6.57 6.27 5.23 6.49 5.63 5.53 4.76 4.55 4.08 4.04 3.79 4.51 4.28 17
8.59 10.07 7.94 9.42 6.63 8.14 6.7 8.17 6.22 7.68 5.04 6.46 5.14 6.44 4.05 5.47 6
7.04 5.53 6.42 4.96 5.7 4.39 6.09 5.0 6.49 5.62 5.88 5.28 6.76 6.34 4.6 4.15 16
5.43 4.84 6.64 6.23 7.41 7.12 7.3 7.33 8.4 8.52 8.75 9.08 9.91 10.25 8.13 8.65 12
8.99 10.27 7.84 9.14 8.17 9.55 7.8 9.27 7.65 9.13 6.66 8.11 7.01 8.4 5.54 6.97 5
5.64 4.72 4.8 4.13 5.67 5.03 5.63 4.79 6.18 5.56 5.73 5.41 6.73 6.54 4.51 4.4 9
6.29 5.48 4.89 4.01 5.18 4.04 5.69 4.76 5.7 4.74 4.86 4.06 5.5 4.75 3.67 3.11 0
10.87 10.17 9.34 8.68 8.69 7.84 8.69 7.9 7.66 6.8 6.42 5.69 5.69 4.88 6.17 5.67 2
10.09 9.37 9.55 8.73 9.59 8.57 8.29 7.19 7.72 6.55 6.59 5.34 6.47 5.21 5.85 4.57 0
10.5 9.24 9.73 8.48 10.11 9.01 9.18 8.23 8.33 7.46 7.45 6.76 6.95 6.39 7.35 6.79 14
10.5 9.73 9.24 8.48 8.23 7.32 7.35 6.55 6.0 5.11 5.06 4.29 3.89 2.99 5.57 5.05 14
9.34 8.9 8.72 8.39 7.33 6.95 6.3 6.16 6.22 6.35 5.9 6.34 6.32 6.94 5.57 6.12 14
9.34 8.72 8.9 8.39 9.92 9.36 9.89 9.47 10.68 10.18 12.0 11.49 12.75 12.19 12.68 12.21 14
7.55 7.73 7.23 7.7 6.31 6.93 4.92 5.66 5.14 6.16 4.55 5.71 5.38 6.67 3.46 4.55 0
10.37 11.81 9.74 11.22 8.97 10.39 7.46 8.89 6.96 8.42 5.77 7.26 5.79 7.23 4.84 6.35 7
10.38 10.03 9.27 8.85 8.36 7.79 7.09 6.66 5.98 5.55 4.85 4.65 4.07 3.9 4.84 4.92 10
11.03 12.12 9.74 10.89 9.3 10.56 8.29 9.51 6.91 8.18 5.88 7.09 4.63 5.92 6.31 7.36 16
10.33 11.36 9.46 10.6 8.6 9.68 7.24 8.27 6.25 7.3 5.86 7.09 5.26 6.47 6.44 7.79 2
8.43 6.97 8.15 6.63 8.62 7.1 9.24 7.73 10.4 8.92 10.47 9.05 11.7 10.3 9.45 8.09 2
7.11 6.07 6.52 5.3 6.03 4.95 4.57 3.64 4.3 3.48 4.37 3.36 4.73 4.0 4.65 3.33 2
5.69 6.01 5.73 5.71 6.96 6.94 7.39 7.1 6.5 6.1 7.02 6.4 6.52 5.81 8.26 7.56 0
5.3 4.73 5.03 4.65 5.51 4.88 5.82 5.44 4.85 4.79 5.44 5.63 5.0 5.51 6.75 6.86 15
7.77 9.26 6.79 8.32 6.79 8.3 6.18 7.67 4.82 6.31 4.43 5.82 3.37 4.7 5.44 6.7 16
7.13 8.15 6.21 7.41 5.41 6.57 4.88 6.21 4.24 5.69 4.3 5.82 4.31 5.8 4.93 6.4 0
5.69 6.93 4.99 6.2 3.58 4.7 3.52 4.44 4.19 5.25 4.92 5.77 5.85 6.78 5.11 5.63 12
5.24 4.53 5.61 5.14 4.8 4.7 5.84 5.9 6.54 6.37 7.7 7.59 8.47 8.2 8.26 8.37 0
7.76 6.48 7.57 6.26 6.21 4.89 6.49 5.31 5.6 4.5 6.08 4.98 5.65 4.74 7.28 6.07 4
10.37 11.09 9.74 10.46 8.23 8.97 7.96 8.75 6.6 7.38 6.35 6.92 5.24 5.76 7.43 7.83 16
10.86 9.77 11.33 10.24 10.37 9.32 11.26 10.27 11.94 11.08 12.83 12.03 13.54 12.84 13.15 12.31 14
10.86 11.33 9.77 10.24 8.34 8.85 7.41 7.81 5.99 6.49 5.41 6.12 4.18 5.06 6.3 7.07 14
7.47 7.39 7.05 6.86 7.16 7.21 6.79 6.77 5.39 5.43 5.19 5.2 4.09 4.17 6.36 6.28 2
6.44 7.34 6.13 7.27 5.55 6.68 5.43 6.75 4.34 5.78 4.52 6.02 3.99 5.49 5.64 7.1 10
7.21 6.82 6.49 5.86 5.18 4.48 4.69 3.68 4.3 3.51 4.3 3.41 4.57 4.03 4.62 3.41 0
11.45 10.26 10.49 9.23 9.39 8.08 8.98 7.57 7.89 6.43 6.7 5.23 5.89 4.38 6.55 5.17 0
7.62 6.28 7.96 6.8 7.54 6.54 8.11 7.32 8.52 7.87 9.81 9.17 10.31 9.79 10.74 9.99 9
8.58 7.14 7.06 5.63 6.57 5.3 6.76 5.64 5.63 4.7 5.28 4.37 4.55 3.97 6.04 4.97 9
12.23 11.45 10.78 9.99 9.81 9.15 9.34 8.61 7.95 7.17 7.72 6.72 6.54 5.46 8.83 7.71 3
10.45 9.14 9.24 7.98 7.92 6.6 7.31 6.11 6.2 5.14 6.55 5.73 5.82 5.25 7.86 7.05 0
8.29 6.96 7.13 5.85 7.28 6.22 6.41 5.52 6.55 5.59 6.19 5.42 6.79 6.0 5.58 5.12 9
9.25 9.03 8.48 8.31 8.43 8.05 7.97 7.65 8.73 8.62 8.78 8.78 9.74 9.87 8.1 8.05 12
5.26 4.92 5.39 4.66 5.77 4.77 6.4 5.16 7.39 6.23 8.24 6.99 9.24 8.08 8.29 6.92 3
12.94 12.6 12.05 11.58 12.83 12.21 12.14 11.39 10.84 10.05 10.11 9.2 8.98 8.03 10.66 9.67 18
7.01 5.85 7.53 6.59 7.28 6.57 8.46 7.75 9.49 8.92 10.58 9.93 11.55 11.01 10.85 10.03 17
5.96 6.45 7.41 7.8 7.9 8.0 7.89 7.88 9.2 9.06 10.34 10.29 11.48 11.33 10.45 10.59 16
4.04 2.57 5.48 4.05 6.16 4.87 6.88 5.6 8.23 6.99 9.23 7.91 10.43 9.16 9.18 7.77 5
5.77 5.74 6.81 6.49 7.92 7.69 9.03 8.9 10.33 10.13 10.99 10.62 12.22 11.83 10.56 10.04 17
5.93 5.43 6.25 6.09 5.29 5.48 5.54 5.9 5.9 6.59 7.09 7.81 7.66 8.57 7.92 8.45 16
6.83 6.26 6.06 5.55 6.29 5.51 6.11 5.45 7.15 6.7 7.46 7.18 8.61 8.43 6.87 6.64 11
6.36 5.89 7.8 7.25 8.76 8.1 10.17 9.49 10.76 10.26 11.94 11.46 12.55 12.21 12.63 12.02 16
10.69 11.48 10.08 10.71 8.88 9.55 8.75 9.21 7.51 7.94 6.72 6.96 5.72 5.89 7.17 7.26 9
9.99 10.03 9.86 9.9 8.56 8.68 8.55 8.56 7.56 7.67 7.51 7.5 6.86 6.97 8.38 8.17 11
9.27 8.5 9.62 8.64 10.67 9.66 11.05 9.9 12.42 11.26 13.48 12.28 14.68 13.48 13.45 12.21 3
9.23 8.39 9.3 8.28 8.08 6.95 8.68 7.38 7.84 6.44 8.41 6.93 7.9 6.38 9.67 8.18 3
7.31 7.43 7.0 7.0 6.21 6.43 4.75 4.92 4.77 4.73 5.13 4.68 5.65 5.08 5.43 4.76 3
9.2 10.53 8.39 9.64 7.15 8.45 5.91 7.19 5.19 6.31 5.63 6.52 5.43 6.05 6.64 7.5 5
6.48 5.44 6.28 5.52 4.92 4.38 4.67 4.1 5.23 5.02 6.53 6.28 7.23 7.2 7.32 6.82 10
6.85 8.33 6.18 7.64 4.88 6.37 5.47 6.94 5.61 6.96 6.78 8.06 7.21 8.33 7.73 9.08 9
5.98 4.85 5.48 4.3 5.03 4.2 6.38 5.67 6.8 6.16 7.67 6.86 8.28 7.57 8.16 7.15 7
10.44 11.67 9.88 10.98 9.76 10.75 9.39 10.22 8.06 8.87 6.96 7.77 5.79 6.57 7.24 8.02 8
13.57 12.06 12.56 11.08 11.1 9.61 10.33 8.89 9.24 7.8 8.03 6.56 7.19 5.73 7.84 6.37 12
5.43 4.66 6.01 4.94 5.27 3.99 6.45 5.06 6.36 4.95 6.04 4.59 6.44 5.11 5.72 4.21 12
9.32 8.53 9.92 8.95 9.33 8.31 10.18 9.02 10.35 9.2 9.57 8.41 10.09 8.99 8.43 7.19 3
8.29 7.02 9.6 8.41 10.77 9.52 12.06 10.86 13.2 11.97 14.45 13.24 15.46 14.22 14.77 13.62 10
7.58 7.57 7.65 7.36 6.48 6.07 7.09 6.39 6.36 5.5 6.5 5.73 6.2 5.31 7.3 6.73 16
4.53 4.76 5.19 4.96 5.38 5.0 6.44 5.75 7.02 6.27 8.07 7.44 8.77 8.1 8.62 8.15 17
7.93 6.71 7.33 6.01 7.68 6.45 7.28 6.05 6.13 5.05 6.42 5.59 5.64 5.09 7.71 6.91 2
7.89 8.34 7.86 8.27 8.0 8.14 8.15 8.27 7.01 7.07 6.9 6.69 6.09 5.79 7.87 7.48 8
7.63 6.19 7.76 6.38 6.69 5.35 7.21 5.85 6.33 5.04 6.96 5.8 6.49 5.5 8.28 7.11 8
7.46 6.77 6.52 6.03 7.32 7.09 8.66 8.33 9.57 9.41 10.37 10.28 11.29 11.32 10.42 10.27 9
9.43 7.93 7.97 6.48 7.67 6.19 8.77 7.36 8.84 7.51 9.46 8.13 9.77 8.55 10.02 8.61 7
8.21 7.94 8.59 8.11 7.62 6.96 6.43 5.91 5.7 4.95 4.87 3.92 4.66 3.45 4.71 3.86 13
6.75 5.3 8.06 6.58 8.08 6.61 7.52 6.03 7.97 6.57 7.5 6.23 8.32 7.17 6.43 5.21 12
12.45 11.74 12.05 11.45 10.61 10.08 9.69 9.0 8.27 7.66 7.53 6.99 6.27 5.85 8.24 7.69 1
9.55 9.22 8.49 8.02 7.63 7.05 6.97 6.62 6.36 5.92 7.24 6.73 7.03 6.46 8.52 8.02 10
6.61 5.82 5.79 4.79 5.48 4.64 4.77 4.34 4.98 4.79 6.24 6.11 6.73 6.76 7.2 6.97 18
8.88 7.38 9.99 8.54 10.22 8.83 9.1 7.8 9.66 8.48 9.83 8.69 10.58 9.56 9.48 8.28 19
10.29 8.82 10.09 8.58 9.49 7.96 10.38 8.89 10.16 8.72 9.37 8.0 9.52 8.24 8.65 7.3 18
10.63 9.13 9.47 8.0 8.51 7.01 9.41 7.92 8.83 7.38 8.64 7.2 8.4 7.07 8.98 7.5 10
8.12 6.64 7.22 5.82 7.35 6.07 6.85 5.76 8.03 7.06 8.97 8.01 10.06 9.19 8.98 7.97 5
6.94 5.71 6.4 5.0 6.07 4.66 7.42 6.0 7.75 6.46 8.85 7.57 9.34 8.19 9.64 8.27 5
10.58 10.9 10.07 10.26 8.77 8.86 9.22 9.08 8.35 8.13 8.67 8.23 8.12 7.59 9.75 9.2 9
9.18 8.2 8.66 7.51 8.06 6.96 8.24 7.0 7.28 5.93 6.25 4.92 5.65 4.21 6.12 5.01 19
6.29 5.09 7.75 6.5 8.12 6.9 9.62 8.42 10.42 9.1 10.9 9.54 11.78 10.36 10.7 9.4 17
8.89 7.49 7.76 6.45 6.6 5.29 7.03 5.86 6.78 5.64 7.14 6.21 7.28 6.42 7.69 6.91 2
4.53 5.84 5.5 6.6 6.2 7.17 7.64 8.55 8.04 8.73 8.18 8.79 8.85 9.27 7.93 8.65 12
5.7 7.22 6.39 7.89 7.67 9.14 8.77 10.22 9.11 10.48 8.78 10.06 9.44 10.62 8.01 9.3 2
7.33 7.13 5.85 5.78 5.1 4.88 4.67 4.03 5.1 4.22 5.11 3.92 5.98 4.78 4.66 3.28 2
5.47 5.69 4.06 4.48 3.9 4.21 4.66 5.26 5.6 6.0 6.43 6.95 7.44 7.8 6.53 7.31 0
11.61 12.43 10.4 11.14 9.1 9.95 8.01 8.78 7.64 8.2 6.64 7.06 6.75 6.92 5.8 6.31 12
10.39 9.65 8.94 8.28 8.19 7.55 6.76 6.24 5.92 5.24 5.4 4.44 5.03 3.9 5.69 4.67 12
7.48 7.22 6.3 6.22 6.91 7.1 7.49 7.62 8.75 9.0 9.49 9.75 10.68 11.01 9.2 9.39 12
9.64 10.51 8.31 9.2 7.13 8.08 5.81 6.77 5.89 7.02 5.04 6.26 5.73 7.0 3.75 4.93 17
9.28 8.54 7.76 7.05 7.46 6.75 6.01 5.36 6.04 5.67 5.99 5.95 6.48 6.65 5.88 5.94 17
8.42 9.19 7.54 8.4 6.11 7.07 5.47 6.49 6.26 7.44 6.15 7.4 7.24 8.55 5.22 6.42 11
9.88 8.38 9.75 8.31 8.54 7.16 8.75 7.5 9.92 8.73 10.34 9.28 11.52 10.49 9.74 8.81 9
7.71 8.6 6.78 7.5 5.29 6.09 4.94 5.74 5.43 5.89 4.94 5.08 5.95 5.83 3.69 3.76 10
5.2 4.78 4.15 3.43 4.42 3.48 4.3 2.98 5.71 4.33 6.36 5.03 7.67 6.31 5.93 4.76 5
7.18 7.02 6.47 6.58 6.07 6.12 6.17 6.51 7.28 7.55 7.35 7.58 8.59 8.77 6.37 6.62 8
9.11 9.19 8.04 8.22 7.08 7.06 6.52 6.61 7.03 6.88 6.48 6.14 7.41 6.91 5.2 4.81 2
5.61 5.9 5.89 5.9 5.79 5.42 4.46 3.93 4.02 3.54 4.66 3.91 4.84 4.24 5.56 4.53 12
5.05 5.55 6.17 6.59 6.29 6.42 5.5 5.65 6.01 6.42 7.15 7.5 7.81 8.34 7.84 7.95 19
7.4 7.32 8.84 8.83 9.36 9.52 8.92 9.32 9.42 9.86 10.65 11.15 11.21 11.73 11.44 11.96 12
8.91 9.62 8.75 9.58 8.91 9.62 7.79 8.36 6.57 7.28 6.46 7.21 5.56 6.46 7.51 8.15 16
9.88 11.19 9.15 10.38 8.86 10.11 7.8 9.14 6.46 7.78 5.61 6.84 4.47 5.64 6.17 7.3 0
10.44 9.45 9.75 8.84 8.91 7.9 7.63 6.56 6.77 5.91 5.83 5.12 5.39 5.0 5.7 4.88 10
13.1 11.63 11.9 10.45 11.13 9.75 10.43 9.04 9.43 7.98 8.12 6.67 7.39 5.89 7.71 6.37 3
9.65 9.59 8.36 8.45 8.19 8.39 8.0 7.99 6.78 6.63 5.74 5.67 4.77 4.47 5.97 6.14 0
7.81 6.47 6.52 5.15 6.9 5.58 7.35 6.23 6.43 5.51 6.0 5.3 5.49 5.1 6.48 5.77 12
9.03 7.88 8.47 7.2 9.04 7.64 8.57 7.14 7.18 5.73 6.95 5.44 5.8 4.28 8.07 6.55 0
9.95 8.54 10.36 8.96 9.44 8.04 9.47 7.99 10.87 9.38 11.52 10.07 12.81 11.35 11.0 9.62 14
9.95 10.36 8.54 8.96 7.86 8.52 6.74 7.44 7.18 8.07 6.84 7.93 7.67 8.84 5.94 7.13 14
5.79 6.23 6.16 6.46 7.67 7.92 8.29 8.45 9.65 9.71 10.73 10.9 11.93 12.01 10.75 11.09 19
5.65 6.17 5.22 5.86 6.47 7.02 6.51 7.11 7.94 8.54 8.81 9.24 10.08 10.55 8.58 8.8 2
6.25 7.74 4.96 6.42 5.47 6.81 4.62 5.79 5.67 6.63 6.47 7.37 7.55 8.3 6.47 7.43 8
7.0 8.38 5.92 7.38 5.97 7.48 5.21 6.73 6.11 7.58 6.2 7.59 7.33 8.65 5.44 6.76 3
4.51 3.66 4.24 3.72 4.66 4.6 4.98 5.2 6.19 6.55 6.43 7.04 7.72 8.35 5.6 6.44 5
4.8 6.16 5.24 6.72 5.06 6.59 5.99 7.5 6.68 8.16 6.57 7.95 7.57 8.89 5.73 7.03 3
4.39 5.47 5.26 6.11 4.87 5.4 6.22 6.6 6.53 6.56 6.65 6.53 7.31 6.92 6.47 6.49 4
6.15 6.14 7.56 7.6 7.82 8.09 9.32 9.57 9.91 10.36 10.26 10.76 11.01 11.64 10.07 10.46 16
12.01 12.56 10.49 11.05 9.81 10.25 8.32 8.75 7.72 8.08 7.75 7.86 7.53 7.56 8.31 8.25 14
12.01 10.49 12.56 11.05 12.36 10.91 10.99 9.56 9.94 8.49 8.7 7.23 7.92 6.43 8.42 6.98 14
10.11 11.22 9.53 10.66 8.07 9.16 7.86 8.94 6.52 7.61 5.81 6.72 4.67 5.58 6.5 7.19 9
10.39 11.86 9.34 10.76 7.98 9.44 7.12 8.51 5.68 7.1 5.17 6.59 3.92 5.37 6.15 7.52 0
8.47 8.9 7.52 8.15 6.51 7.23 5.92 6.91 4.8 5.88 5.23 6.35 4.61 5.75 6.55 7.66 0
5.32 5.75 4.44 4.76 4.08 4.77 3.92 4.4 3.8 4.57 5.0 5.84 5.37 6.33 6.08 6.82 2
7.92 7.18 8.57 7.9 9.09 8.65 8.22 7.99 6.93 6.76 5.88 5.88 4.79 4.91 6.17 6.25 8
8.94 9.56 8.95 9.45 9.19 9.81 8.46 9.28 7.01 7.83 6.32 7.34 5.0 6.05 7.15 8.3 3
10.52 11.3 9.6 10.52 8.24 9.19 7.49 8.25 6.08 6.87 5.13 5.94 3.83 4.71 5.71 6.48 2
12.03 13.55 10.84 12.36 9.76 11.29 9.25 10.77 8.11 9.62 6.85 8.36 5.96 7.44 6.7 8.2 13
7.9 7.07 6.49 5.78 5.46 4.52 5.7 4.66 4.92 3.71 4.15 3.13 3.96 2.88 4.12 3.54 4
8.41 9.57 7.16 8.42 6.62 7.81 6.32 7.29 5.87 6.7 4.72 5.44 4.88 5.37 3.71 4.51 2
6.49 5.65 5.2 4.42 5.64 4.79 6.31 5.18 6.84 5.74 6.54 5.4 7.45 6.4 5.59 4.34 3
9.8 9.01 9.2 8.47 10.35 9.63 11.13 10.24 12.11 11.24 12.08 11.17 13.17 12.29 11.09 10.12 8
12.46 11.23 11.89 10.59 12.33 11.07 12.09 10.78 13.04 11.67 13.3 11.9 14.31 12.88 12.69 11.33 8
5.99 4.72 6.03 4.66 7.23 5.94 7.73 6.43 8.58 7.17 8.67 7.24 9.69 8.22 7.96 6.6 12
10.1 10.1 9.16 9.13 10.03 9.96 10.1 10.21 11.47 11.64 11.99 12.28 13.28 13.6 11.34 11.73 4
5.86 6.74 7.32 8.25 7.78 8.91 9.3 10.41 10.0 11.04 10.99 11.93 11.72 12.62 11.39 12.3 4
9.3 8.02 9.93 8.65 11.37 10.13 12.33 11.0 13.08 11.72 12.95 11.55 13.85 12.45 12.08 10.63 8
9.91 10.7 9.16 9.78 8.65 9.28 8.05 8.45 6.65 7.04 6.37 6.53 5.2 5.31 7.46 7.46 5
6.66 6.82 5.95 6.21 5.18 5.15 4.82 4.92 3.65 4.11 4.08 4.88 3.56 4.69 5.4 6.15 16
5.86 7.08 5.98 7.38 5.96 7.35 6.43 7.9 5.54 7.04 5.98 7.49 5.56 7.0 7.13 8.66 7
5.86 5.05 5.82 5.11 6.59 6.17 6.86 6.57 5.96 5.94 5.73 5.73 5.27 5.59 6.34 6.1 12
7.45 6.97 6.74 6.53 5.94 5.7 5.82 5.94 7.19 7.33 7.96 8.29 9.22 9.52 7.67 8.2 17
7.68 8.17 6.5 7.08 5.28 5.68 4.36 4.84 5.17 5.42 5.78 6.14 6.77 6.95 5.73 6.39 18
10.08 9.9 8.62 8.39 7.76 7.71 6.37 6.23 6.61 6.23 6.42 5.74 7.08 6.26 5.91 5.11 12
11.54 10.03 10.27 8.75 9.1 7.58 7.84 6.32 7.25 5.78 7.16 5.79 6.97 5.74 7.61 6.28 9
7.95 6.47 7.91 6.46 6.65 5.28 6.93 5.67 8.12 6.95 8.86 7.8 10.01 8.99 8.65 7.65 0
10.86 10.39 11.5 10.93 10.97 10.23 10.46 9.76 9.08 8.33 8.56 7.86 7.35 6.6 9.42 8.8 17
7.88 7.28 7.24 6.83 7.53 7.02 6.4 5.85 6.69 5.85 6.18 5.23 6.93 5.8 5.19 4.42 4
9.86 9.65 8.8 8.45 8.51 7.97 7.13 6.61 7.39 6.93 6.61 6.23 7.34 7.03 5.29 4.93 0
11.56 11.25 10.82 10.6 10.35 9.97 8.84 8.47 8.44 7.84 7.25 6.56 7.3 6.38 6.18 5.68 6
7.44 7.04 5.98 5.71 5.13 4.55 4.33 3.72 5.16 4.23 5.3 4.38 6.41 5.35 4.66 4.02 6
6.31 5.12 4.9 3.85 4.64 3.82 5.01 4.6 6.34 5.94 7.19 6.99 8.42 8.18 7.02 7.05 0
7.73 7.48 7.92 7.96 6.82 7.06 6.57 7.05 5.26 5.8 5.22 5.97 4.27 5.09 6.42 7.25 15
7.01 6.71 6.69 6.09 5.28 4.59 5.4 4.42 4.74 3.9 5.28 4.35 5.17 4.49 6.29 5.16 8
5.69 5.74 6.08 6.47 5.32 5.93 6.28 6.86 5.95 6.37 6.99 7.34 7.04 7.24 8.17 8.59 3
14.59 13.64 13.36 12.34 13.27 12.18 11.98 10.83 10.87 9.78 10.54 9.42 9.67 8.63 11.27 10.06 6
13.15 12.69 12.39 11.8 11.04 10.42 10.06 9.39 8.7 8.12 7.79 7.1 6.59 6.03 8.26 7.36 1
8.41 7.21 7.47 6.18 5.99 4.71 5.41 3.98 5.66 4.36 5.79 4.53 6.46 5.4 5.67 4.34 10
10.69 10.38 9.47 9.06 8.43 8.0 7.73 7.07 6.89 6.26 6.5 5.66 6.06 5.31 6.92 5.85 0
7.98 6.74 6.98 5.89 6.31 5.17 6.18 5.33 5.24 4.66 5.46 5.24 5.01 5.13 6.5 6.3 17
11.89 10.64 10.92 9.6 9.46 8.15 8.86 7.68 8.22 7.02 8.96 7.81 8.63 7.51 10.22 9.09 17
11.71 10.42 10.62 9.28 10.43 9.16 10.06 8.76 8.71 7.37 8.39 7.04 7.24 5.86 9.4 8.08 4
10.5 9.71 9.34 8.43 8.92 8.02 8.53 7.46 7.26 6.11 6.08 5.01 5.0 3.81 6.23 5.37 5
9.09 8.16 8.07 7.25 6.7 5.78 6.2 5.34 5.99 5.49 5.0 4.76 5.42 5.53 3.88 3.55 2
10.26 11.75 9.5 11.01 8.42 9.93 8.44 9.93 7.99 9.48 6.78 8.25 6.8 8.21 5.75 7.23 0
9.97 8.62 9.29 7.94 8.75 7.54 9.01 7.86 8.21 7.02 7.04 5.95 6.62 5.52 6.55 5.62 15
8.82 8.19 7.53 6.88 7.24 6.32 5.84 4.85 5.69 4.83 6.43 5.48 6.68 5.91 7.23 6.08 17
9.93 11.12 8.48 9.63 8.42 9.44 7.11 8.1 6.16 7.06 6.42 7.06 5.88 6.37 7.51 8.04 18
7.63 6.94 6.67 5.81 7.55 6.55 6.98 5.93 6.29 5.04 7.1 5.71 6.81 5.33 8.4 7.03 11
9.17 8.58 10.61 9.93 11.46 10.88 12.92 12.31 13.5 12.75 13.99 13.21 14.66 13.76 13.99 13.29 8
8.72 7.58 7.85 6.56 8.49 7.09 8.42 6.93 7.18 5.66 6.95 5.45 5.99 4.52 7.92 6.47 4
12.68 11.5 11.33 10.1 11.35 10.1 10.51 9.17 9.07 7.76 8.51 7.31 7.23 6.08 9.39 8.27 9
10.78 9.56 9.74 8.42 8.43 7.15 7.32 5.96 7.73 6.25 7.69 6.21 8.41 6.91 7.22 5.84 9
10.67 9.55 9.35 8.26 9.5 8.36 8.6 7.57 7.31 6.21 6.25 5.3 5.16 4.11 6.51 5.83 10
8.01 6.5 7.04 5.6 7.55 6.22 7.39 6.24 6.1 5.08 6.07 5.33 5.1 4.63 7.25 6.57 2
12.47 11.3 11.6 10.33 10.51 9.27 9.29 8.12 8.25 6.97 8.2 6.88 7.47 6.06 9.13 7.87 2
11.12 12.23 9.64 10.72 9.55 10.46 8.25 9.08 7.3 8.14 5.98 6.82 5.37 6.22 5.5 6.32 2
8.81 8.28 7.46 7.02 7.72 7.53 6.88 6.75 5.54 5.59 4.75 4.94 3.64 4.14 5.39 5.5 3
7.38 6.13 6.95 5.7 5.49 4.29 5.61 4.57 6.0 5.27 7.31 6.6 7.87 7.37 8.22 7.33 3
9.78 9.66 8.36 8.21 8.19 7.76 6.79 6.27 6.49 5.97 5.36 4.89 5.64 5.21 4.19 3.77 3
12.45 12.81 11.04 11.36 11.13 11.36 10.01 10.11 8.76 8.99 7.64 7.77 6.59 6.91 7.75 7.62 12
7.69 7.28 7.07 6.88 5.78 5.79 5.48 5.76 4.86 5.0 5.78 5.76 5.67 5.51 7.05 7.04 12
7.96 8.75 6.92 7.84 7.12 7.92 6.14 6.99 6.59 7.63 6.05 7.2 6.95 8.19 4.84 5.97 12
9.04 10.46 7.94 9.3 6.89 8.2 5.83 7.06 4.76 6.11 5.0 6.34 4.44 5.82 6.15 7.41 10
4.56 4.34 3.97 3.94 4.69 5.07 4.52 5.13 5.37 5.74 5.57 5.94 6.67 6.87 4.99 5.58 10
9.23 10.37 8.44 9.7 7.92 9.15 7.24 8.57 5.8 7.15 5.39 6.84 4.16 5.63 6.45 7.92 5
8.01 7.75 7.71 7.36 7.81 7.67 7.71 7.49 6.42 6.25 5.77 5.35 4.74 4.37 6.44 5.73 1
8.75 7.69 7.34 6.2 6.64 5.59 5.4 4.23 5.98 4.6 5.71 4.3 6.69 5.24 4.75 3.47 1
8.96 8.48 7.54 6.98 7.63 6.83 6.42 5.47 5.49 4.72 4.77 3.89 4.32 3.77 4.97 3.77 19
10.81 10.63 9.46 9.39 8.3 8.09 7.04 6.96 7.42 7.38 6.75 6.75 7.57 7.6 5.43 5.46 19
9.58 10.94 8.33 9.69 8.34 9.57 7.43 8.61 6.03 7.2 5.27 6.3 4.04 5.02 5.99 6.87 2
11.84 11.16 10.37 9.68 9.49 8.95 8.0 7.45 7.68 6.89 6.53 5.67 6.71 5.62 5.43 4.78 2
6.8 5.47 6.13 4.67 7.09 5.62 6.97 5.5 6.04 4.69 6.4 5.21 5.9 4.95 7.56 6.34 7
6.95 6.89 5.53 5.59 5.45 5.9 6.13 6.71 6.29 7.16 7.22 8.17 7.66 8.78 7.98 8.78 7
7.34 7.27 7.05 6.93 7.69 7.29 7.94 7.54 6.88 6.44 7.29 6.79 6.59 6.07 8.61 8.09 3
5.53 6.05 4.66 5.47 4.51 5.61 4.22 5.17 4.45 5.57 4.93 5.87 5.61 6.63 5.18 5.81 3
7.99 9.41 7.01 8.4 6.01 7.48 5.45 6.96 4.54 6.06 4.43 5.89 4.09 5.43 5.18 6.56 13
8.02 7.88 6.78 6.51 5.48 5.37 5.6 5.9 4.55 5.15 5.02 5.91 4.51 5.66 6.3 7.19 0
8.93 10.37 8.1 9.59 6.62 8.09 6.61 7.96 5.45 6.72 5.62 6.67 4.88 5.74 6.82 7.8 2
9.99 8.91 8.81 7.75 8.19 7.34 9.4 8.67 9.21 8.71 10.28 9.89 10.31 10.11 11.46 10.98 4
9.06 8.07 8.48 7.42 8.83 7.91 8.73 8.03 9.95 9.35 10.23 9.81 11.48 11.09 9.41 9.15 4
7.33 7.08 7.38 7.05 8.52 7.99 8.96 8.41 10.11 9.42 10.78 10.05 11.9 11.08 10.49 9.85 11
5.87 4.45 5.13 3.81 6.29 5.09 6.11 5.15 7.46 6.58 7.92 7.24 9.23 8.56 7.24 6.77 0
7.17 6.77 6.04 5.7 6.54 6.02 5.89 5.49 6.76 6.21 6.77 6.28 7.87 7.28 5.92 5.66 3
10.38 9.25 9.05 7.94 8.54 7.28 7.44 6.21 8.09 6.98 7.68 6.7 8.65 7.78 6.49 5.53 3
7.56 7.01 6.48 5.96 7.02 6.32 6.13 5.28 7.01 5.94 7.91 6.88 8.84 7.68 8.1 7.27 10
7.54 6.0 7.4 5.88 6.31 4.84 6.38 4.95 5.97 4.74 6.3 5.23 6.34 5.54 6.97 5.86 17
8.28 9.34 9.08 10.26 8.7 10.02 7.23 8.58 6.98 8.41 6.14 7.64 6.4 7.9 5.37 6.87 11
5.63 4.41 6.21 5.18 6.1 5.39 4.78 4.3 5.26 5.07 4.91 5.1 5.9 6.21 3.9 4.38 17
6.86 8.39 6.53 8.06 5.92 7.39 4.84 6.3 5.31 6.6 4.84 5.95 5.84 6.75 3.66 4.73 16
7.35 6.49 6.33 5.28 5.87 4.87 5.71 5.08 6.54 6.0 6.7 6.43 7.75 7.5 6.08 6.09 17
7.95 7.17 6.48 5.68 5.76 5.31 6.86 6.6 7.11 7.11 7.94 8.11 8.42 8.77 8.53 8.67 9
9.75 9.08 8.68 8.19 7.38 6.9 7.1 6.33 6.81 6.02 6.47 5.48 6.64 5.71 6.35 5.15 2
6.01 5.54 6.82 6.63 8.04 7.78 9.11 8.68 10.27 9.79 11.4 11.01 12.44 12.01 11.61 11.35 19
5.03 4.65 5.09 4.27 5.91 5.07 7.33 6.53 8.25 7.48 9.19 8.28 10.11 9.26 9.38 8.31 13
5.75 6.4 5.87 6.25 6.08 6.12 6.81 6.63 8.12 8.03 9.09 8.9 10.26 10.15 9.04 8.66 6
10.0 9.22 8.65 7.78 8.3 7.31 7.17 6.04 7.08 5.88 6.33 5.02 6.74 5.47 5.46 4.05 9
13.27 13.52 11.87 12.13 11.21 11.3 9.95 10.03 9.42 9.29 8.32 8.12 8.18 7.74 7.59 7.54 3
6.36 5.86 6.35 5.52 5.22 4.27 5.91 4.69 5.3 3.98 6.11 4.71 5.97 4.64 7.31 5.87 14
6.36 6.35 5.86 5.52 6.49 6.04 6.61 5.84 7.55 6.65 8.15 7.04 9.16 8.03 7.96 6.75 14
8.24 8.22 7.6 7.51 7.79 7.39 9.28 8.83 9.76 9.08 10.16 9.38 10.81 9.88 10.14 9.43 13
8.33 7.26 7.24 6.04 7.9 6.54 8.94 7.56 9.8 8.34 10.87 9.41 11.72 10.22 11.26 9.85 9
6.07 5.26 5.25 4.23 5.79 4.85 5.17 4.21 5.76 5.09 5.34 5.02 6.39 6.22 4.11 4.01 15
5.17 6.26 4.96 6.29 5.05 6.47 5.0 6.52 5.01 6.48 4.32 5.71 5.01 6.22 3.33 4.74 3
4.11 5.49 4.51 5.76 4.06 5.0 4.85 5.62 4.65 5.04 4.6 4.87 5.01 4.87 4.69 5.21 12
4.65 4.01 5.98 5.47 6.32 6.16 7.59 7.47 7.93 8.08 8.14 8.4 8.76 9.21 8.04 8.18 10
7.0 6.45 6.45 5.6 6.17 5.22 6.58 5.35 7.36 6.13 8.68 7.43 9.46 8.24 9.36 8.09 17
4.95 5.62 5.01 5.29 6.23 6.47 6.96 6.87 8.39 8.33 9.32 9.2 10.58 10.49 9.13 8.93 4
10.36 11.85 9.65 11.09 8.37 9.8 7.21 8.68 5.97 7.44 5.88 7.34 4.99 6.38 6.96 8.43 2
9.1 8.13 8.96 8.1 7.89 7.21 6.53 5.77 5.56 5.11 5.02 4.76 4.51 4.67 5.45 5.04 7
9.67 10.78 9.75 10.99 8.54 9.85 7.65 8.89 6.55 7.87 5.36 6.73 4.57 6.02 5.28 6.55 5
8.68 9.05 9.23 9.5 8.32 8.53 7.9 8.34 7.27 7.64 5.99 6.35 5.83 6.09 5.11 5.55 19
11.66 11.82 10.34 10.57 9.25 9.54 7.88 8.21 6.84 7.16 5.54 5.85 4.82 5.11 5.22 5.55 5
9.76 10.72 8.52 9.56 7.2 8.18 6.07 7.21 4.93 6.06 4.07 5.38 3.32 4.56 4.43 5.88 9
7.35 5.91 8.43 7.02 9.78 8.38 10.89 9.51 11.77 10.32 13.05 11.6 13.85 12.37 13.62 12.21 3
8.19 6.89 7.62 6.49 6.16 5.12 5.98 5.25 5.39 4.72 4.45 4.11 4.46 4.25 3.98 3.94 14
8.19 7.62 6.89 6.49 5.91 5.54 4.96 4.96 4.68 4.85 4.55 5.12 4.89 5.54 4.65 5.46 14
11.91 10.66 10.82 9.54 9.45 8.15 8.47 7.14 7.62 6.44 6.3 5.14 5.84 4.94 5.67 4.34 8
11.85 10.9 10.84 10.0 9.73 8.97 8.79 8.18 7.49 6.8 6.33 5.76 5.21 4.51 6.49 6.17 2
10.81 9.75 9.8 8.88 8.4 7.44 7.62 6.88 7.72 7.04 6.81 6.21 7.39 6.88 5.5 4.92 3
9.55 8.94 9.68 8.92 9.07 8.13 9.71 8.66 10.84 9.69 11.05 9.78 12.22 10.91 10.24 8.9 2
11.38 11.5 10.01 10.11 9.34 9.67 8.28 8.61 8.22 8.77 7.83 8.42 8.15 8.93 7.42 7.84 12
10.6 9.27 10.19 8.9 9.45 8.09 8.45 7.2 7.3 6.0 7.45 6.16 6.62 5.33 8.63 7.4 10
13.33 11.88 13.21 11.8 12.22 10.8 11.6 10.26 10.22 8.88 9.99 8.67 8.79 7.5 11.08 9.79 13
7.39 6.8 6.04 5.55 4.93 4.24 5.36 4.3 4.83 3.51 5.44 4.13 5.43 4.06 6.42 5.24 3
8.56 10.02 7.61 9.09 6.57 7.98 7.43 8.73 6.87 8.02 6.86 7.88 6.72 7.53 7.34 8.41 12
5.47 5.08 6.82 6.56 6.98 7.04 6.8 6.96 7.35 7.77 6.84 7.52 7.78 8.6 5.59 6.35 2
7.86 8.0 8.85 8.76 8.6 8.29 7.77 7.28 7.85 7.12 7.17 6.37 7.7 6.71 6.2 5.59 12
5.84 5.12 6.72 6.08 7.94 7.43 8.74 8.34 9.64 9.08 10.26 9.74 11.2 10.57 10.12 9.79 15
13.5 12.37 11.98 10.86 11.26 10.14 9.86 8.82 8.96 7.82 7.71 6.63 7.14 5.94 7.26 6.37 15
10.72 9.5 9.47 8.26 8.56 7.5 7.14 6.07 7.27 6.26 6.42 5.47 7.05 6.22 5.15 4.15 16
10.91 9.89 9.56 8.6 8.68 7.59 7.22 6.16 6.78 5.52 6.34 4.97 6.37 4.88 6.26 5.01 5
6.05 6.77 5.7 6.18 5.17 5.33 4.85 4.72 6.17 5.95 6.61 6.21 7.91 7.51 5.96 5.41 0
7.29 5.93 8.21 6.9 7.91 6.63 9.22 8.0 10.16 8.86 11.21 9.86 12.12 10.72 11.5 10.18 1
7.85 7.08 8.97 8.04 8.83 7.83 10.26 9.24 11.05 9.91 12.35 11.19 13.1 11.87 13.01 11.92 4
8.81 7.33 9.92 8.48 10.42 8.97 11.89 10.45 12.17 10.81 13.43 12.09 13.77 12.51 14.44 13.05 14
8.81 9.92 7.33 8.48 6.73 7.69 6.55 7.36 5.23 6.0 4.96 5.85 3.97 4.79 6.0 7.0 14
9.65 11.12 8.42 9.91 8.28 9.81 7.72 9.23 6.36 7.87 5.33 6.82 4.12 5.61 5.75 7.18 3
9.66 8.55 9.92 8.87 9.53 8.67 10.32 9.52 11.68 10.91 12.74 11.88 13.94 13.11 12.71 11.74 3
8.34 9.15 7.27 8.07 7.82 8.72 7.76 8.87 6.86 8.04 5.78 7.07 5.27 6.6 5.53 6.85 17
4.96 4.09 3.67 3.11 4.2 3.93 4.54 4.04 4.0 3.77 3.45 3.1 3.69 3.7 3.38 2.47 5
5.85 6.35 6.35 6.93 6.55 7.41 5.47 6.5 5.91 6.89 5.58 6.38 6.48 7.21 4.69 5.27 10
4.43 5.37 5.61 6.45 5.82 6.34 5.35 5.81 6.56 7.05 6.92 7.6 8.17 8.82 6.25 7.15 17
5.44 5.3 6.97 6.79 7.73 7.65 7.96 8.17 9.27 9.5 9.6 9.9 10.91 11.2 8.78 9.14 17
7.82 6.33 8.66 7.23 8.05 6.75 9.25 8.05 9.92 8.74 11.05 9.81 11.73 10.55 11.63 10.32 9
15.92 14.64 14.49 13.23 14.04 12.87 12.89 11.78 11.59 10.43 10.52 9.38 9.39 8.19 10.72 9.67 2
6.04 6.95 5.74 6.54 4.48 5.12 5.0 5.36 4.95 5.42 6.07 6.65 6.4 7.02 7.1 7.69 17
7.84 9.24 7.16 8.64 6.21 7.7 6.23 7.76 5.24 6.76 5.7 7.18 5.19 6.56 6.95 8.43 16
7.64 8.93 6.64 7.85 6.94 8.14 6.09 7.16 6.82 7.67 6.66 7.31 7.69 8.17 5.7 6.32 5
6.37 5.07 5.76 4.7 5.06 4.08 4.67 4.14 5.96 5.55 6.87 6.54 8.05 7.77 6.83 6.51 7
8.25 9.62 7.15 8.59 5.95 7.33 4.88 6.34 5.34 6.73 6.22 7.63 6.93 8.23 6.7 8.18 12
7.94 8.21 6.66 6.8 5.4 5.78 4.27 4.52 3.6 3.52 4.25 3.67 4.28 3.39 5.31 4.68 0
9.73 10.16 9.29 9.53 9.58 9.61 9.11 8.95 9.32 8.97 9.07 8.51 9.59 8.9 8.55 7.92 6
5.07 4.87 5.31 4.83 5.79 5.53 6.23 5.77 5.67 4.91 6.43 5.41 6.32 5.08 7.56 6.58 2
5.84 4.79 6.85 5.65 6.53 5.21 7.91 6.54 8.04 6.63 9.27 7.83 9.58 8.16 10.31 8.87 3
10.32 8.88 9.92 8.58 8.55 7.24 8.37 7.24 7.04 6.01 6.9 6.11 5.83 5.24 8.04 7.33 2
12.24 13.49 11.41 12.64 9.98 11.18 9.24 10.42 7.78 8.97 7.03 8.21 5.7 6.89 7.77 8.93 0
13.13 12.16 12.2 11.23 11.02 10.16 10.05 9.18 8.75 7.99 7.71 6.95 6.6 6.0 7.97 7.09 16
7.1 5.96 8.15 6.9 8.29 6.9 9.36 7.94 9.56 8.24 10.57 9.31 10.93 9.77 11.39 10.11 9
9.47 10.64 8.24 9.38 8.62 9.76 7.6 8.69 6.64 7.86 5.85 7.03 5.27 6.58 6.01 6.97 2
6.09 5.72 4.86 4.29 5.49 4.52 4.74 3.49 4.31 3.07 4.2 2.85 4.44 3.36 4.46 2.97 5
6.1 5.7 6.18 5.73 7.58 6.98 8.02 7.45 8.42 8.09 9.16 8.88 9.73 9.63 9.56 9.14 11
8.57 8.13 7.18 6.83 6.09 5.7 4.69 4.36 5.01 4.63 5.35 5.28 6.07 5.94 5.4 5.67 11
6.81 7.28 5.56 6.26 4.56 5.18 3.75 4.73 4.68 5.89 4.83 6.14 6.03 7.4 4.11 5.39 10
9.81 11.14 8.43 9.79 7.85 9.1 6.79 8.07 7.07 8.46 6.55 8.02 7.28 8.77 5.57 7.07 13
14.15 12.67 12.91 11.43 12.42 10.99 11.09 9.68 10.88 9.41 10.01 8.51 10.14 8.64 9.19 7.69 13
8.29 7.18 6.83 5.75 6.77 5.63 5.45 4.3 4.45 3.21 3.65 2.72 3.19 2.35 3.9 3.41 5
8.72 9.58 7.58 8.54 8.25 9.28 7.43 8.5 6.2 7.16 4.98 6.05 3.98 4.87 5.03 6.32 12
7.71 7.94 7.07 7.49 8.22 8.76 8.04 8.69 7.11 7.63 5.93 6.57 5.36 5.82 5.63 6.54 11
6.92 6.8 5.65 5.45 5.83 5.23 5.13 4.39 5.59 5.09 6.82 6.25 7.46 7.06 7.61 6.82 11
7.16 6.09 7.0 6.19 7.65 7.02 8.16 7.75 9.06 8.58 10.35 9.82 11.2 10.63 10.92 10.4 11
7.33 6.62 6.98 6.1 6.86 5.72 7.28 6.03 8.58 7.4 9.74 8.49 10.88 9.68 9.89 8.55 3
10.81 10.05 9.69 8.8 10.17 9.14 9.46 8.28 8.86 7.68 7.58 6.43 7.39 6.28 6.69 5.57 11
8.47 7.37 9.79 8.61 9.8 8.51 8.8 7.54 9.02 7.91 8.23 7.27 8.85 8.06 7.0 6.02 7
7.02 6.97 7.03 6.9 5.8 5.61 4.62 4.74 5.26 5.73 5.23 5.97 6.25 7.14 4.53 5.33 0
7.58 8.99 8.3 9.75 7.64 9.07 6.25 7.72 6.46 7.97 5.7 7.22 6.44 7.91 4.44 5.96 0
8.71 8.31 9.63 9.39 9.4 9.4 7.98 8.09 7.48 7.52 6.24 6.27 6.23 6.17 5.25 5.34 2
9.51 8.11 8.1 6.73 7.09 5.74 5.64 4.29 4.99 3.54 4.3 3.01 4.27 3.07 4.2 3.23 19
11.25 11.58 10.1 10.48 8.74 9.06 7.64 8.09 6.64 7.24 5.41 5.94 4.76 5.49 5.12 5.36 12
11.21 11.43 10.32 10.52 9.07 9.42 8.2 8.48 6.79 7.06 5.83 6.31 4.56 5.04 6.35 7.04 16
4.71 4.86 6.02 5.95 6.78 6.46 8.2 7.83 9.13 8.92 9.93 9.68 10.87 10.74 9.98 9.56 3
5.43 5.69 6.21 6.77 6.79 7.44 7.86 8.68 9.12 9.87 10.11 10.76 11.26 11.87 10.1 10.69 5
8.98 8.97 9.12 8.98 8.21 7.87 8.91 8.44 10.23 9.68 11.01 10.33 12.23 11.52 10.71 9.96 11
6.84 6.94 6.09 5.97 5.21 4.86 5.12 4.41 6.53 5.7 7.12 6.07 8.45 7.39 6.6 5.36 3
4.78 4.89 4.48 4.47 5.88 5.76 6.11 5.86 6.38 5.77 5.78 4.96 6.55 5.49 4.68 3.95 14
4.78 4.48 4.89 4.47 4.77 4.74 5.66 5.52 7.01 6.76 8.13 7.9 9.3 9.01 8.23 8.11 14
5.79 5.88 4.85 5.09 5.62 5.73 5.36 5.66 6.19 6.76 5.98 6.83 7.13 8.07 4.84 5.85 18
8.44 9.6 7.25 8.32 7.58 8.43 6.82 7.48 7.56 8.15 7.33 7.96 8.35 8.91 6.29 7.06 12
8.87 8.81 7.68 7.47 8.23 7.8 7.29 6.69 6.95 6.5 5.85 5.58 6.04 5.95 4.81 4.6 16
8.76 9.95 7.76 9.07 8.16 9.53 7.34 8.79 6.33 7.73 5.01 6.42 4.37 5.66 4.64 6.1 13
10.45 11.85 9.2 10.65 8.95 10.39 7.72 9.19 6.55 7.96 5.61 7.05 4.72 6.05 5.89 7.37 18
10.64 9.6 9.18 8.14 8.5 7.32 7.02 5.83 6.3 5.27 5.96 5.21 5.7 5.21 6.3 5.64 14
10.64 9.18 9.6 8.14 8.49 6.98 7.37 5.9 7.93 6.5 7.79 6.48 8.64 7.41 7.05 5.85 14
8.98 9.66 8.15 8.64 6.63 7.18 6.1 6.35 5.15 5.3 5.76 5.74 5.31 5.16 7.09 7.03 14
8.98 8.15 9.66 8.64 10.99 9.95 12.16 11.15 13.28 12.32 14.53 13.56 15.52 14.59 14.87 13.88 14
5.63 4.74 5.23 4.08 3.81 2.59 4.15 2.79 3.67 2.68 4.53 3.82 4.69 4.36 5.58 4.77 5
4.93 6.21 5.18 6.63 4.5 5.97 5.43 6.91 5.02 6.43 5.09 6.48 5.24 6.45 5.5 6.94 9
3.9 4.38 4.61 4.72 5.1 5.37 6.17 6.15 6.35 6.29 6.12 5.83 6.75 6.47 5.65 5.07 14
3.9 4.61 4.38 4.72 3.73 3.65 5.01 4.64 6.04 5.57 7.13 6.47 8.13 7.46 7.43 6.64 14
6.68 6.96 7.88 8.33 8.5 8.97 9.78 10.36 10.05 10.76 9.92 10.79 10.46 11.41 9.48 10.43 18
9.09 8.01 9.48 8.25 9.44 8.1 10.12 8.69 9.56 8.06 8.84 7.34 8.63 7.11 8.59 7.15 3
6.21 6.41 7.34 7.73 7.14 7.83 8.57 9.33 9.37 10.06 10.49 11.26 11.29 11.98 10.97 11.85 16
6.58 6.29 7.74 7.22 8.46 7.84 9.67 9.19 10.19 9.72 11.46 11.03 12.01 11.6 12.28 11.88 13
7.85 7.27 6.82 6.19 7.11 6.2 6.61 5.69 7.71 6.9 8.77 7.85 9.8 8.97 8.99 7.89 13
7.68 7.34 7.53 7.07 6.24 5.67 6.56 5.93 6.31 5.97 5.4 5.17 5.72 5.8 4.49 4.04 6
10.6 11.88 10.12 11.34 8.82 9.97 8.56 9.63 7.8 8.95 6.51 7.65 6.15 7.35 5.82 6.84 8
5.42 4.16 6.4 4.98 7.78 6.37 8.89 7.44 8.76 7.26 9.69 8.21 9.79 8.33 10.69 9.25 16
5.79 5.9 7.03 7.27 8.26 8.3 9.31 9.42 9.58 9.91 10.45 10.85 10.87 11.44 11.08 11.38 9
4.59 3.63 5.09 3.79 6.39 5.13 6.91 5.55 6.9 5.42 7.44 5.97 7.76 6.28 7.96 6.59 19
14.19 13.41 12.91 12.15 12.59 11.7 11.14 10.24 10.64 9.91 9.4 8.73 9.27 8.81 8.43 7.63 3
11.95 11.19 10.78 10.15 10.89 10.34 9.62 9.17 8.92 8.61 7.74 7.55 7.41 7.39 7.09 6.9 9
6.2 5.02 7.36 6.26 7.58 6.45 9.03 7.95 9.58 8.5 9.4 8.44 10.2 9.25 8.63 7.83 16
6.64 6.35 7.09 6.57 6.98 6.57 8.05 7.48 8.45 8.01 7.89 7.5 8.66 8.39 6.74 6.27 3
9.47 10.26 9.1 9.71 7.82 8.43 8.0 8.39 7.13 7.49 5.87 6.16 5.4 5.63 5.35 5.61 3
6.66 5.77 6.62 5.64 5.34 4.36 5.91 5.0 5.12 4.36 4.61 3.71 4.37 3.78 4.88 3.64 9
8.81 10.0 8.18 9.27 6.71 7.77 6.37 7.29 5.01 5.86 4.58 5.21 3.51 3.94 5.56 6.07 0
6.75 5.6 7.49 6.34 6.88 5.89 7.73 6.7 7.59 6.76 6.81 6.06 7.14 6.63 5.99 5.07 17
9.36 7.94 9.26 7.79 7.91 6.43 8.17 6.75 7.12 5.75 6.23 4.98 5.5 4.41 6.39 5.23 9
11.62 12.45 11.07 11.79 9.57 10.28 9.21 9.86 7.82 8.43 6.89 7.67 5.64 6.38 7.38 8.36 0
11.06 12.31 10.27 11.52 8.89 10.2 8.05 9.28 6.74 8.03 5.69 6.99 4.57 5.95 6.03 7.21 3
11.46 12.95 10.29 11.76 8.95 10.43 7.83 9.28 6.5 7.98 6.13 7.66 5.06 6.59 7.1 8.61 2
9.84 9.91 8.82 9.09 7.39 7.61 6.78 7.27 5.44 5.92 5.38 5.68 4.36 4.62 6.59 6.76 13
8.07 9.11 6.89 7.9 5.83 7.02 5.4 6.57 4.7 6.04 5.54 6.97 5.39 6.85 6.81 8.23 9
11.99 12.43 11.24 11.66 10.29 10.55 9.16 9.47 8.33 8.45 7.61 7.66 7.13 6.94 7.66 7.88 4
10.21 11.06 9.1 9.83 8.27 8.99 6.86 7.51 6.21 6.84 5.21 5.66 5.08 5.47 4.71 4.99 3
4.09 4.42 4.89 5.11 4.47 4.75 5.78 6.14 5.97 6.36 7.23 7.61 7.65 8.04 8.24 8.59 2
6.28 6.75 6.28 6.68 5.05 5.46 5.52 5.61 4.79 4.79 5.6 5.41 5.4 5.13 6.88 6.62 9
8.48 9.89 7.95 9.43 6.49 7.99 6.56 8.08 5.38 6.89 5.59 7.02 4.84 6.15 6.84 8.23 0
9.97 10.84 8.91 9.72 7.48 8.36 6.79 7.69 5.45 6.47 4.76 5.77 3.66 4.83 5.49 6.3 12
12.22 12.79 11.26 11.74 9.81 10.37 8.9 9.29 7.47 7.94 6.57 6.87 5.27 5.67 7.15 7.2 4
11.86 11.03 12.98 12.26 13.54 12.84 15.04 14.36 15.73 15.06 16.99 16.35 17.63 17.0 17.68 17.06 19
9.37 9.08 8.52 8.18 7.79 7.68 7.65 7.5 6.54 6.24 6.8 6.35 6.06 5.43 8.04 7.6 5
10.6 11.72 9.46 10.49 8.34 9.45 7.63 8.6 6.67 7.53 6.58 7.19 6.0 6.44 7.41 7.9 6
5.37 4.55 5.52 4.67 6.75 5.7 7.17 6.16 6.44 5.38 7.19 6.15 6.86 5.85 8.47 7.46 3
5.76 6.26 5.23 5.91 6.5 7.26 6.46 7.36 6.03 7.17 6.69 7.93 6.68 8.06 7.66 8.8 16
6.75 7.71 5.45 6.36 5.94 6.65 5.05 5.56 4.61 4.82 4.68 4.47 4.85 4.32 5.12 4.85 13
9.29 10.13 8.52 9.2 7.01 7.7 6.53 7.02 6.84 7.04 7.37 7.34 7.95 7.71 7.63 7.62 18
8.52 8.05 7.9 7.5 6.47 6.21 6.42 6.35 6.4 6.14 7.17 6.99 7.48 7.15 7.92 7.95 12
6.61 5.83 7.97 7.24 8.1 7.53 9.56 8.95 10.47 9.97 11.75 11.2 12.59 12.13 12.31 11.62 11
5.25 4.06 6.24 5.02 6.17 5.19 7.62 6.65 8.09 7.02 9.38 8.27 9.93 8.79 10.25 9.15 2
9.85 9.54 9.53 9.28 10.2 9.78 10.53 10.22 9.52 9.23 9.62 9.47 8.88 8.76 10.64 10.61 19
10.36 8.99 9.36 8.06 8.91 7.75 8.08 7.04 7.93 7.1 7.09 6.37 7.4 6.92 6.2 5.35 3
11.91 10.39 11.14 9.62 10.29 8.8 9.5 8.02 8.65 7.14 7.38 5.86 6.88 5.38 6.82 5.33 3
11.64 10.97 10.97 10.15 9.57 8.71 9.13 8.12 7.84 6.76 6.67 5.68 5.56 4.46 6.81 6.04 2
9.75 8.72 9.64 8.56 8.28 7.2 8.61 7.54 7.54 6.52 6.96 6.16 6.21 5.51 7.44 6.81 3
8.27 7.02 8.28 6.96 7.14 5.87 7.61 6.35 6.86 5.73 5.93 4.79 5.61 4.74 5.68 4.35 19
11.74 10.52 10.78 9.68 9.38 8.26 8.45 7.48 8.25 7.26 7.19 6.27 7.46 6.57 6.05 5.23 2
12.04 11.07 10.79 9.75 9.67 8.72 8.33 7.3 7.88 6.89 6.68 5.78 6.7 5.9 5.68 4.81 9
7.24 8.63 6.27 7.55 6.06 7.26 6.51 7.48 7.49 8.39 7.43 8.19 8.6 9.31 6.37 7.02 18
6.79 8.14 6.12 7.33 5.2 6.28 5.83 6.63 6.16 6.77 5.7 6.05 6.52 6.71 4.71 4.91 6
9.96 9.45 11.39 10.83 11.92 11.47 12.81 12.27 12.83 12.37 13.75 13.38 13.89 13.59 14.65 14.32 19
4.92 4.41 6.31 5.81 6.69 6.49 8.09 7.92 8.45 8.54 9.14 9.33 9.69 10.05 9.52 9.6 12
6.52 6.82 7.33 7.45 7.02 6.85 8.39 8.05 8.5 7.92 8.65 7.89 9.06 8.12 8.68 7.96 4
11.23 11.42 11.86 11.94 11.39 11.5 11.47 11.4 10.51 10.43 10.87 10.84 10.16 10.11 12.09 12.11 8
9.52 9.2 8.28 8.03 6.97 6.66 5.83 5.6 6.18 5.7 5.75 5.29 6.57 5.93 4.8 4.62 17
10.51 9.82 9.02 8.29 8.18 7.67 6.7 6.17 6.66 5.97 5.68 4.92 6.2 5.35 4.41 3.7 9
12.52 12.18 11.08 10.79 10.22 10.0 8.76 8.59 8.17 7.78 6.96 6.54 6.8 6.11 6.13 5.97 3
7.27 6.93 7.6 6.98 6.79 5.94 7.45 6.4 8.78 7.79 9.27 8.35 10.56 9.67 8.64 7.77 6
8.62 9.46 7.76 8.53 7.22 8.16 6.38 7.23 6.77 7.33 6.16 6.49 7.02 7.09 4.9 5.25 16
6.26 5.61 7.47 6.91 7.43 6.97 8.9 8.44 9.81 9.35 10.72 10.12 11.63 11.05 10.9 10.16 9
4.87 4.5 5.58 5.16 5.47 5.38 6.79 6.65 7.46 7.03 8.6 8.11 9.34 8.66 9.18 8.84 6
8.1 7.34 7.17 6.64 5.94 5.34 5.12 4.88 6.12 6.13 6.3 6.52 7.48 7.8 5.58 5.88 4
8.13 8.82 6.8 7.57 5.6 6.27 4.3 5.17 4.78 5.74 5.24 6.42 6.07 7.22 5.27 6.61 2
9.43 8.88 7.92 7.37 7.34 7.08 5.83 5.64 5.28 4.77 4.94 4.16 4.96 3.85 5.1 4.42 0
12.14 11.28 11.24 10.29 10.43 9.37 9.62 8.46 8.54 7.47 7.84 6.72 7.04 6.07 8.21 6.94 4
8.46 7.32 9.18 7.98 8.46 7.2 9.55 8.3 10.12 9.01 11.19 10.12 11.82 10.86 11.8 10.65 4
6.72 5.9 8.02 7.27 8.24 7.49 7.68 7.17 8.12 7.62 9.25 8.85 9.81 9.42 10.0 9.67 4
11.02 9.71 9.83 8.48 10.12 8.8 8.95 7.66 8.22 7.08 8.02 7.04 7.64 6.86 8.5 7.53 7
8.86 9.0 8.79 8.67 9.04 8.82 7.92 7.73 8.57 8.33 8.66 8.21 9.52 9.08 8.11 7.47 12
6.38 5.39 7.68 6.77 7.74 7.07 9.13 8.45 9.46 8.65 9.3 8.56 9.92 9.07 8.79 8.23 0
7.15 8.15 7.87 8.8 7.3 8.24 8.28 9.06 8.45 9.02 7.85 8.24 8.43 8.61 6.92 7.31 8
12.18 13.32 11.19 12.42 10.5 11.68 9.3 10.55 8.13 9.38 6.88 8.11 5.96 7.16 6.77 7.98 5
8.11 7.22 6.82 5.82 5.99 5.18 5.26 4.31 6.4 5.36 6.67 5.72 7.9 6.91 5.93 5.19 9
8.17 7.65 7.72 7.47 7.97 7.91 8.41 8.59 9.75 9.89 10.78 11.03 11.97 12.16 10.75 11.14 8
6.59 5.14 7.8 6.4 9.04 7.58 10.29 8.88 10.61 9.27 11.28 9.94 11.75 10.49 11.69 10.28 17
7.75 6.71 8.9 7.8 9.96 8.75 10.96 9.71 10.5 9.2 10.46 9.07 10.29 8.89 10.85 9.4 16
4.93 4.16 6.09 5.51 6.33 6.1 7.41 7.28 7.62 7.78 8.08 8.34 8.57 9.04 8.33 8.46 17
5.08 6.44 5.28 6.54 5.03 6.03 5.34 6.17 5.11 5.59 5.8 6.07 6.03 5.97 6.6 7.0 3
5.53 5.0 5.1 4.54 5.41 5.22 5.06 4.97 5.37 5.67 6.62 6.97 7.16 7.74 7.51 7.67 16
7.56 7.26 6.51 6.0 6.04 5.46 4.86 4.07 4.43 3.76 5.47 4.77 5.56 5.04 6.66 5.83 14
7.56 6.51 7.26 6.0 8.55 7.2 8.66 7.2 7.65 6.15 6.96 5.44 6.27 4.75 7.27 5.8 14
9.69 9.61 8.97 9.11 8.13 8.29 7.24 7.65 6.18 6.59 6.63 6.96 5.97 6.27 7.95 8.23 5
8.21 8.07 8.04 7.67 7.47 6.87 7.66 6.85 7.47 6.43 6.42 5.26 6.74 5.42 5.24 4.18 0
5.5 6.65 4.84 6.13 5.97 7.23 5.8 7.04 4.99 6.04 5.7 6.5 5.41 5.93 6.97 7.78 9
7.28 8.66 5.97 7.31 6.26 7.55 5.18 6.39 4.21 5.57 4.7 6.07 4.32 5.71 5.92 7.22 16
7.47 7.81 6.01 6.47 5.32 5.62 3.81 4.22 3.34 3.61 3.44 3.13 3.77 3.35 3.92 3.24 9
9.98 9.95 8.5 8.52 7.68 7.72 6.29 6.49 6.55 7.04 6.97 7.65 7.55 8.4 7.14 7.8 2
10.6 9.31 9.71 8.34 9.5 8.17 8.59 7.21 7.23 5.83 6.25 4.97 5.06 3.76 6.69 5.59 1
10.2 10.48 9.83 10.2 9.82 10.03 9.45 9.75 8.13 8.56 7.06 7.37 5.91 6.4 7.32 7.37 0
7.41 8.49 7.7 8.63 7.32 8.29 5.89 6.83 5.88 6.84 6.21 6.95 6.61 7.34 6.54 7.04 16
