11.62 10.7 10.74 9.71 11.66 10.53 10.17 9.23 14
8.17 7.27 8.2 7.42 9.56 8.83 8.05 7.14 7
7.79 7.03 9.07 8.16 10.2 9.4 9.42 8.4 1
10.26 8.88 9.49 8.03 10.46 8.96 8.29 6.85 7
6.96 6.24 5.97 5.03 6.63 5.46 6.15 5.2 7
6.05 6.33 5.74 6.35 7.0 7.64 5.68 6.53 1
5.41 5.99 5.2 5.44 6.51 6.56 4.27 4.22 0
11.49 10.54 10.99 10.03 11.23 10.13 9.56 8.66 18
9.25 7.96 8.55 7.28 9.62 8.33 7.44 6.08 7
5.54 5.75 5.39 5.2 6.57 6.3 5.75 5.33 14
4.31 5.43 5.07 6.13 6.44 7.52 5.21 5.93 9
4.97 4.57 6.4 6.04 7.31 6.69 7.1 6.96 0
5.85 6.13 6.76 6.74 7.96 8.03 6.33 6.08 3
8.05 7.57 7.7 7.02 7.7 7.14 6.5 5.67 7
6.43 4.92 5.25 3.81 5.53 4.23 5.63 4.36 12
7.89 9.34 6.39 7.85 6.37 7.9 5.97 7.37 7
7.83 7.13 6.45 5.85 6.28 5.46 5.43 4.89 0
7.24 6.48 7.57 6.8 8.32 7.35 6.46 5.77 18
11.56 10.15 10.2 8.83 10.46 9.15 9.18 7.74 18
6.66 8.1 6.71 8.02 7.9 9.16 5.57 6.78 8
6.12 7.0 5.31 6.11 6.29 7.1 4.06 5.09 1
7.31 8.29 6.4 7.56 6.71 7.97 4.93 6.06 11
8.27 7.27 7.39 6.59 6.97 6.13 6.33 5.64 5
10.8 9.37 10.59 9.18 9.9 8.44 10.0 8.69 9
7.97 7.02 7.85 6.78 9.03 7.84 6.64 5.45 9
7.55 6.18 7.77 6.58 9.18 8.0 7.58 6.47 7
8.17 6.92 8.23 6.83 9.49 8.08 7.16 5.73 6
10.74 9.91 9.99 9.15 10.8 10.06 8.58 7.83 4
6.71 5.54 5.32 4.29 4.48 3.45 5.68 5.01 17
9.38 8.02 8.04 6.66 7.2 5.96 7.54 6.06 7
9.52 9.1 8.58 8.26 7.34 6.92 8.47 8.42 8
8.47 7.24 8.39 7.34 7.35 6.45 9.72 8.75 6
7.3 6.06 6.13 4.92 5.17 3.79 6.86 5.63 17
8.41 7.21 7.13 6.05 7.3 6.45 7.31 6.25 17
7.42 5.98 5.95 4.56 5.64 4.32 5.2 3.73 15
6.69 5.73 7.89 6.78 9.09 8.07 8.2 6.92 13
7.4 6.29 6.46 5.49 5.91 4.77 7.48 6.64 7
6.07 6.13 7.46 7.58 8.29 8.49 7.55 7.87 14
7.96 6.54 7.82 6.35 9.13 7.63 6.85 5.33 11
5.87 4.38 6.24 4.78 5.95 4.51 5.92 4.65 3
9.49 9.07 9.95 9.3 8.94 8.17 10.66 9.95 14
5.08 4.14 6.05 4.91 7.36 6.23 6.0 4.61 17
5.31 5.06 6.21 6.03 7.35 6.95 6.91 7.03 18
5.83 5.3 6.54 6.16 5.8 5.62 7.52 6.92 3
5.15 5.94 4.88 5.41 3.56 3.99 5.85 6.05 14
11.17 10.59 10.75 10.04 11.07 10.44 9.31 8.55 19
11.57 10.73 11.15 10.26 10.03 9.04 10.96 10.23 18
8.16 7.78 7.12 6.72 7.81 7.22 5.83 5.32 0
10.08 8.57 9.59 8.08 10.78 9.31 8.64 7.19 9
8.44 7.44 8.89 7.87 7.93 6.87 9.48 8.65 15
7.69 7.54 8.86 8.88 9.47 9.49 10.01 9.93 9
6.77 5.79 6.62 5.61 7.91 6.81 5.61 4.44 12
6.97 7.44 8.06 8.68 9.01 9.48 7.68 8.48 14
6.16 4.72 6.78 5.47 8.18 6.81 6.39 5.15 19
6.35 6.53 5.41 5.32 6.4 6.02 4.46 4.5 5
8.95 8.53 8.04 7.76 8.76 8.46 6.65 6.28 4
9.47 8.43 8.93 7.88 8.07 6.89 8.37 7.54 4
9.01 7.55 8.37 7.02 8.46 7.16 6.98 5.66 9
10.49 9.4 10.62 9.43 10.54 9.45 9.69 8.39 8
6.74 5.77 7.27 6.39 6.41 5.74 7.9 6.86 9
6.18 5.52 4.68 4.03 4.58 3.52 4.62 4.22 0
7.86 9.17 6.45 7.75 6.55 7.67 5.45 6.76 14
7.22 6.25 6.31 5.37 7.3 6.34 5.8 5.21 17
6.28 6.01 5.65 5.29 6.74 6.16 4.43 3.85 4
8.58 7.78 9.68 8.82 10.42 9.4 9.27 8.42 18
9.42 8.23 8.03 6.87 7.28 5.97 8.36 7.23 3
7.48 5.99 8.81 7.31 9.8 8.34 9.47 7.94 1
9.57 8.11 9.95 8.58 10.03 8.73 9.14 7.85 11
5.5 5.89 6.08 6.56 7.25 7.53 6.74 7.49 1
8.12 7.02 7.18 5.92 8.13 6.75 6.41 5.18 3
5.37 4.71 4.89 3.88 5.94 4.87 5.26 4.04 3
6.07 4.96 6.21 4.86 7.5 6.16 5.24 3.88 1
7.32 6.22 6.44 5.57 6.78 6.12 4.97 4.06 13
7.86 8.51 6.55 7.27 6.9 7.82 5.44 6.23 9
8.05 6.94 6.6 5.43 5.89 4.88 6.17 5.09 9
7.25 5.73 6.31 4.82 7.01 5.58 4.9 3.39 12
8.19 7.57 8.46 8.04 9.82 9.34 8.54 8.36 19
5.88 5.21 5.66 4.67 7.02 5.91 5.29 4.39 11
8.67 7.23 8.87 7.54 10.22 8.88 7.99 6.72 11
8.37 7.49 9.83 8.98 10.62 9.82 10.58 9.58 13
5.47 5.34 5.31 4.9 4.02 3.56 6.18 5.91 3
4.79 5.65 4.45 5.62 3.61 4.96 4.32 5.41 9
6.67 6.42 5.76 5.41 5.42 5.4 4.7 4.12 13
9.31 8.45 8.01 7.04 7.12 6.25 7.53 6.59 16
9.31 8.01 8.45 7.04 7.21 5.82 8.34 6.94 16
6.46 6.06 5.67 4.97 6.34 5.48 6.16 5.3 16
6.46 5.67 6.06 4.97 6.84 5.66 4.59 3.45 16
5.41 5.68 5.47 6.1 6.72 7.28 5.86 6.7 11
4.8 6.1 5.01 6.13 6.43 7.5 4.52 5.33 17
4.73 4.1 5.93 5.52 7.11 6.5 5.99 5.89 8
5.69 6.86 5.94 7.3 6.37 7.79 4.97 6.38 3
6.48 6.18 5.97 5.43 6.42 5.57 4.51 4.05 2
4.64 5.88 5.36 6.49 5.23 6.07 5.36 6.56 2
5.43 6.0 5.87 6.67 6.38 7.39 5.02 5.89 19
5.02 4.57 6.43 6.09 6.63 6.54 7.06 6.82 19
4.5 5.18 5.24 5.58 5.09 5.03 5.31 5.67 17
5.38 5.33 5.57 5.09 6.77 6.23 6.1 5.5 3
7.66 7.29 7.43 6.82 6.83 6.31 6.85 6.02 3
6.3 7.31 6.22 7.45 5.16 6.41 6.46 7.8 9
4.64 5.24 4.61 4.82 3.42 3.53 5.67 5.92 13
6.91 7.24 5.74 6.28 5.57 6.35 4.58 4.91 4
6.66 5.47 7.24 5.89 8.34 7.06 6.37 4.99 0
7.78 8.47 8.2 8.63 8.79 9.11 7.18 7.46 11
6.66 5.4 5.16 3.94 4.62 3.2 5.23 4.1 0
7.17 7.64 5.82 6.35 6.24 6.93 5.45 5.64 10
7.56 6.2 6.73 5.34 7.77 6.37 5.83 4.34 4
5.61 5.77 6.33 6.44 6.47 6.87 5.95 5.81 4
6.95 5.76 8.27 7.18 9.14 8.01 8.2 7.35 4
4.75 5.98 4.67 5.6 4.01 4.83 4.51 5.21 11
4.98 4.61 5.16 4.8 4.07 3.78 6.05 5.99 8
8.06 8.45 7.63 7.78 6.23 6.39 8.15 8.08 2
5.66 5.36 5.69 5.71 6.92 6.85 6.06 6.39 15
5.55 4.12 6.72 5.33 7.86 6.4 7.28 6.05 12
7.69 6.44 8.65 7.52 8.82 7.69 10.05 8.88 1
5.74 6.03 6.77 7.26 6.36 7.07 7.85 8.17 9
5.61 6.07 5.97 6.11 5.03 4.91 6.6 6.83 17
6.04 7.55 6.07 7.55 5.48 6.94 5.77 7.13 14
5.93 6.42 5.19 5.77 4.94 5.87 4.13 4.45 3
9.06 9.46 7.96 8.18 7.33 7.57 7.07 7.35 12
6.65 5.29 7.93 6.62 7.81 6.6 8.99 7.58 12
6.78 5.9 5.35 4.51 4.49 3.75 5.45 4.95 12
8.29 8.29 7.29 7.46 5.93 6.08 7.67 7.76 14
9.05 7.88 8.32 7.02 7.78 6.4 9.46 8.1 9
10.06 8.65 9.19 7.86 7.79 6.46 9.53 8.23 1
6.33 5.65 5.43 4.81 5.49 5.26 4.09 3.31 5
6.3 5.86 5.18 4.78 3.97 3.45 5.84 5.21 12
8.09 7.81 6.62 6.34 6.05 6.1 6.74 6.39 12
7.99 6.51 6.74 5.22 6.75 5.28 5.51 4.04 17
5.06 4.47 4.95 4.32 5.43 5.15 6.16 5.28 13
6.24 6.52 5.67 6.13 5.14 5.36 6.97 7.49 5
6.84 6.51 8.35 8.05 8.87 8.72 8.8 8.62 3
5.66 6.32 6.59 7.47 6.88 7.76 7.97 8.77 9
5.32 5.48 5.64 5.4 5.08 4.8 7.13 6.87 3
6.27 7.77 6.4 7.92 5.25 6.75 7.49 8.96 7
5.91 5.21 5.23 4.4 3.82 3.15 5.72 4.55 3
7.04 7.09 6.78 6.5 7.42 6.96 5.35 5.01 7
5.82 6.51 6.25 7.2 6.66 7.75 5.42 6.48 1
4.48 5.24 5.09 5.51 4.81 4.84 5.16 5.61 6
7.18 7.24 5.88 5.9 5.4 5.11 5.01 5.41 8
7.02 6.67 6.75 6.08 8.08 7.28 6.05 5.29 14
5.4 5.71 5.9 6.51 7.26 7.86 5.31 6.24 7
4.46 5.1 4.85 5.05 5.69 5.72 3.92 3.79 14
7.45 6.6 8.76 7.91 9.55 8.86 9.69 8.67 9
5.5 5.68 6.8 7.12 6.78 7.29 7.9 7.99 7
6.27 5.69 4.95 4.25 5.07 4.46 5.24 4.15 12
5.68 6.28 5.17 6.0 5.94 6.63 5.88 6.97 17
4.85 5.88 4.85 5.68 6.21 7.03 4.88 5.32 19
5.36 4.52 5.45 4.59 5.58 4.42 4.57 4.05 7
7.74 9.18 7.11 8.61 7.21 8.72 5.75 7.23 0
8.01 7.06 6.81 5.85 6.4 5.21 5.8 5.1 1
9.37 8.19 7.85 6.69 7.36 6.35 7.75 6.7 13
10.07 9.25 10.19 9.35 8.99 8.21 11.27 10.56 4
8.21 7.62 8.56 8.23 7.49 7.36 9.33 9.0 4
8.81 7.38 7.56 6.2 6.38 4.95 7.77 6.5 7
8.61 8.01 7.26 6.56 7.22 6.51 7.46 6.5 14
5.47 5.28 5.12 4.7 6.37 5.94 5.14 4.29 13
5.2 6.45 4.75 6.19 5.34 6.77 5.71 7.18 19
6.55 6.06 5.63 5.05 5.23 4.31 6.67 6.05 0
8.27 7.29 7.37 6.25 6.07 5.06 7.45 6.15 19
8.68 7.34 7.25 5.88 6.4 5.18 7.38 6.0 2
8.4 7.36 7.03 6.02 6.95 5.74 5.96 5.03 17
6.11 5.69 7.25 6.75 7.07 6.39 8.5 7.89 5
8.68 7.74 8.95 7.86 8.39 7.39 10.46 9.36 4
8.36 7.46 7.08 6.11 6.86 5.68 7.53 6.55 14
6.22 4.74 5.72 4.32 6.95 5.64 5.4 4.0 16
6.22 5.72 4.74 4.32 4.76 4.13 3.98 3.44 16
7.46 6.2 6.88 5.72 7.19 5.94 7.83 6.85 17
4.78 4.97 3.77 4.32 4.75 5.55 3.53 3.82 12
4.92 4.59 4.36 4.22 3.13 2.88 4.6 4.94 5
6.26 7.54 6.25 7.64 5.73 7.02 5.83 7.32 4
7.2 6.63 7.03 6.39 7.15 6.78 5.87 5.06 17
7.41 7.62 7.26 7.18 7.67 7.39 5.94 5.81 17
5.42 5.59 5.97 6.46 6.29 6.98 5.33 5.98 6
6.1 5.17 5.75 4.55 5.54 4.21 7.11 5.84 2
5.57 6.11 6.27 7.05 7.21 7.86 7.25 8.13 4
4.16 4.58 4.75 4.66 6.13 6.06 4.95 4.62 16
4.16 4.75 4.58 4.66 4.08 3.83 4.79 4.71 16
8.6 7.48 7.69 6.73 7.68 6.7 6.34 5.42 5
7.04 6.42 5.53 4.96 5.3 4.41 4.9 4.44 14
6.24 6.61 5.06 5.66 5.81 6.57 4.18 4.52 0
6.52 5.01 5.55 4.11 6.03 4.74 6.03 4.69 0
11.03 9.74 12.12 10.89 13.25 12.02 11.73 10.63 14
5.6 6.16 6.16 7.01 7.52 8.29 6.39 7.4 17
5.0 5.06 4.9 4.5 5.87 5.4 5.68 5.05 17
6.27 6.2 4.95 4.92 4.37 4.77 4.26 3.84 0
6.42 5.19 5.42 4.33 4.1 2.91 6.11 5.04 0
7.25 7.33 6.02 5.97 5.42 5.65 6.7 6.38 7
7.77 6.79 9.26 8.32 9.6 8.81 9.82 8.95 14
8.72 7.78 8.62 7.62 9.85 8.9 7.48 6.59 18
9.07 8.4 8.18 7.45 7.91 6.95 6.97 6.44 3
5.66 5.8 5.99 5.74 7.41 7.14 5.87 5.38 5
5.04 5.97 6.09 6.88 7.33 8.09 5.96 6.45 13
6.91 6.0 5.96 5.34 5.75 5.26 4.78 4.15 0
7.59 6.31 7.4 6.03 8.39 6.94 6.03 4.62 17
10.37 9.74 11.09 10.46 12.15 11.39 10.24 9.59 14
4.66 4.85 6.02 6.08 6.6 6.92 7.11 7.07 10
7.93 7.56 7.69 7.11 6.4 5.85 8.11 7.29 5
8.45 7.63 7.92 6.97 6.51 5.62 8.75 7.89 12
7.89 7.86 7.85 7.53 9.15 8.75 6.85 6.44 17
6.51 6.99 6.92 7.69 8.03 8.79 5.94 6.92 9
4.97 5.68 5.09 5.38 5.61 5.72 4.01 4.08 0
6.46 5.62 6.19 5.65 6.9 6.32 4.76 4.41 0
5.96 7.41 6.45 7.8 6.27 7.6 6.13 7.31 14
5.93 6.25 5.43 6.09 6.59 7.39 4.26 5.12 14
10.54 10.14 9.42 8.93 9.3 8.94 8.15 7.66 11
5.42 6.74 6.68 8.0 6.94 8.37 6.87 8.06 11
4.01 4.29 5.53 5.66 6.04 5.91 6.38 6.78 0
7.26 7.74 6.7 7.46 5.86 6.67 7.97 8.84 3
5.22 6.27 5.53 6.83 6.25 7.57 4.51 5.94 5
6.36 7.8 5.89 7.25 6.82 8.05 4.45 5.76 14
6.05 6.46 5.07 5.65 6.02 6.74 4.14 5.02 13
7.71 7.85 6.71 6.73 7.06 7.21 5.26 5.38 7
7.44 6.26 6.64 5.54 5.68 4.43 6.2 5.39 16
7.44 6.64 6.26 5.54 6.15 5.19 5.05 4.49 16
9.21 8.14 7.67 6.61 7.32 6.38 7.3 6.04 8
6.25 6.12 4.9 5.02 5.35 5.79 3.97 3.86 5
7.77 6.85 7.79 6.89 6.67 5.93 8.12 7.03 8
7.23 8.19 6.76 7.52 5.34 6.09 7.46 7.99 5
8.82 8.53 9.41 9.24 8.5 8.48 10.21 9.89 8
7.1 8.37 7.08 8.24 5.83 6.95 7.81 8.79 5
6.84 6.35 6.33 6.02 5.0 4.89 7.36 7.28 17
7.42 6.52 6.23 5.18 4.99 4.13 6.59 5.42 5
7.58 7.65 7.57 7.36 7.72 7.31 6.49 6.23 14
4.89 5.5 5.77 6.09 5.38 5.35 6.28 6.7 15
5.49 5.69 6.57 6.96 6.26 6.84 7.74 7.93 7
5.07 5.07 5.35 4.95 4.33 3.69 6.26 5.91 8
10.22 9.41 9.62 8.7 10.08 9.24 8.11 7.18 4
5.37 3.86 5.26 3.84 6.56 5.19 5.37 4.04 5
7.61 6.55 7.49 6.54 8.65 7.82 6.26 5.52 17
9.14 8.0 9.48 8.28 9.88 8.81 8.46 7.18 19
6.0 5.83 5.1 5.22 3.69 3.85 5.61 5.63 6
8.15 8.71 6.75 7.25 5.81 6.42 6.65 7.28 12
6.99 6.16 5.56 4.76 5.36 4.94 4.67 3.77 7
6.89 6.28 5.99 5.6 5.52 4.95 5.03 4.91 9
6.33 5.26 7.82 6.68 8.65 7.67 8.44 7.16 11
6.39 5.64 7.85 7.0 8.22 7.16 8.34 7.51 0
4.23 5.21 4.62 5.36 6.01 6.64 4.11 4.42 17
5.57 5.5 6.77 6.82 7.96 7.92 6.87 7.25 17
10.2 8.91 9.22 8.04 9.71 8.57 7.78 6.55 17
7.08 6.16 5.62 4.84 5.42 4.73 4.79 3.77 13
7.57 6.98 6.23 5.83 6.7 6.6 5.63 5.13 17
7.91 7.68 7.2 6.79 8.3 7.71 6.21 5.62 8
6.84 6.64 7.99 7.59 9.04 8.62 7.73 7.05 7
8.91 8.75 9.62 9.58 10.03 10.18 10.95 10.79 14
5.55 4.13 7.09 5.67 7.75 6.32 7.72 6.43 12
6.08 5.7 5.77 5.31 7.09 6.54 5.01 4.24 12
4.58 3.15 4.02 2.51 5.13 3.66 4.28 3.01 5
5.38 5.78 5.8 6.19 6.8 6.92 6.7 7.33 3
5.41 5.28 6.46 6.28 7.69 7.59 6.91 6.4 0
7.4 7.26 8.66 8.44 9.81 9.66 9.04 8.56 13
6.37 5.31 7.89 6.81 8.58 7.35 8.61 7.7 12
4.97 5.06 6.2 6.48 6.56 7.06 6.32 6.71 9
5.28 5.83 5.73 5.98 6.21 6.16 4.91 5.07 9
6.15 7.56 6.14 7.6 7.13 8.64 4.86 6.34 14
6.31 5.39 5.38 4.3 6.02 4.69 3.91 2.89 10
9.21 7.72 9.82 8.3 10.97 9.47 10.43 8.9 3
5.72 6.26 6.82 7.55 6.69 7.56 8.14 8.72 10
4.61 4.31 5.2 4.45 4.43 3.41 6.29 5.6 4
7.59 7.08 6.24 5.69 5.39 4.74 5.82 5.62 4
7.22 6.01 6.01 4.74 5.79 4.75 6.62 5.23 5
6.77 8.17 5.73 7.21 5.56 7.06 4.53 5.95 5
8.14 9.51 6.78 8.09 5.89 7.29 7.12 8.28 15
6.18 5.19 5.6 4.95 6.32 5.75 4.09 3.57 15
5.93 6.65 4.96 5.94 5.62 6.63 5.29 6.48 5
8.08 7.07 8.45 7.65 9.49 8.75 7.36 6.77 13
6.38 6.13 4.86 4.7 4.54 4.71 4.36 3.76 18
10.08 8.8 8.59 7.3 8.14 7.0 7.9 6.6 18
7.23 5.72 8.62 7.09 8.64 7.13 9.47 7.95 15
6.31 5.19 7.75 6.7 8.52 7.48 7.96 7.13 16
6.31 7.75 5.19 6.7 4.05 5.55 5.1 6.51 16
9.35 8.37 7.92 6.94 7.15 6.37 8.11 7.2 8
5.44 5.55 4.4 4.65 3.24 3.26 4.38 5.09 5
5.14 5.47 5.11 5.42 4.38 5.02 5.02 4.92 0
5.87 6.33 6.68 7.07 6.15 6.36 7.19 7.83 19
10.16 9.88 9.4 9.18 8.11 7.8 9.4 9.43 18
4.46 5.02 4.3 5.21 3.46 4.34 4.35 5.56 7
9.36 8.19 8.84 7.52 8.91 7.6 7.49 6.15 7
5.67 4.18 5.23 3.87 5.67 4.49 3.83 2.55 5
6.27 5.87 5.17 4.78 5.74 5.07 3.81 3.39 5
7.51 8.77 7.12 8.42 8.08 9.28 5.71 6.96 19
7.6 6.91 7.01 6.09 8.21 7.15 6.35 5.53 0
5.83 5.13 6.03 5.49 7.45 6.88 5.57 4.9 15
12.89 11.53 11.95 10.62 11.32 9.93 10.99 9.74 8
9.74 8.86 10.52 9.76 11.88 11.11 10.6 9.8 8
6.54 7.37 5.79 6.48 4.39 5.08 6.58 6.96 0
6.66 5.95 6.82 6.21 6.19 5.89 8.31 7.73 14
6.2 5.45 6.48 5.7 7.22 6.68 7.56 6.57 7
5.72 7.02 5.82 7.26 5.78 7.13 7.29 8.74 2
6.38 5.61 5.75 4.88 4.91 3.79 7.0 6.02 12
6.74 6.18 5.68 5.39 6.56 6.46 4.8 4.34 11
5.76 6.22 5.56 5.65 5.8 5.87 6.82 6.71 6
8.1 7.4 8.57 7.77 8.77 8.16 7.79 6.83 1
6.91 6.13 6.98 5.92 6.58 5.45 6.46 5.29 10
6.38 6.25 5.36 5.56 4.01 4.15 5.68 6.03 11
7.62 6.12 6.17 4.65 5.81 4.35 5.39 3.97 19
8.88 9.38 7.82 8.42 7.41 7.81 6.74 7.5 11
9.84 8.49 8.95 7.68 9.31 8.03 7.46 6.19 9
8.63 7.68 9.88 8.93 11.05 10.09 10.08 9.0 8
5.57 5.74 5.97 5.75 7.14 6.91 5.05 4.59 0
4.65 4.39 5.23 5.34 5.74 5.74 4.57 5.1 17
6.64 8.01 6.47 7.74 6.23 7.54 5.63 6.73 7
7.83 7.19 7.83 7.24 6.99 6.26 7.68 7.39 4
9.84 8.94 9.36 8.54 8.15 7.47 10.49 9.79 12
4.69 4.94 4.83 4.59 5.45 5.1 6.04 5.69 0
5.32 5.13 4.61 4.52 4.05 3.56 5.86 5.77 0
8.84 8.99 7.59 7.91 6.5 6.65 8.03 8.49 10
9.25 7.92 7.73 6.39 7.23 6.06 7.23 5.88 10
9.91 8.91 8.61 7.73 7.61 6.6 8.28 7.54 6
9.37 8.49 10.35 9.51 11.42 10.46 11.08 10.4 6
7.14 5.74 7.19 5.79 6.53 5.08 6.89 5.68 9
6.86 6.53 8.39 8.06 8.88 8.75 9.08 8.55 14
6.15 4.85 6.21 4.86 7.01 5.54 4.96 3.65 2
7.87 7.54 7.36 6.78 8.28 7.66 5.93 5.39 11
8.79 7.72 7.51 6.52 7.49 6.75 7.83 6.8 9
9.72 8.86 9.13 8.09 8.65 7.66 10.33 9.18 8
5.35 5.54 6.8 7.0 7.0 7.36 7.6 7.52 7
5.41 6.0 6.23 6.67 5.61 5.91 7.18 7.81 4
6.23 7.75 6.23 7.72 5.11 6.57 6.67 8.06 16
6.23 6.23 7.75 7.72 8.22 8.02 8.55 8.41 16
6.28 6.67 5.4 5.57 4.01 4.36 5.77 5.56 12
8.37 6.89 7.08 5.63 7.5 6.18 6.0 4.58 15
8.09 7.35 8.83 8.18 9.37 8.57 8.1 7.65 12
8.21 6.71 7.85 6.42 8.12 6.72 6.48 5.12 9
10.0 9.95 8.5 8.47 7.97 7.72 7.95 8.16 8
4.96 4.75 4.78 4.19 5.5 5.01 5.79 4.89 4
7.58 8.25 6.39 7.14 7.08 7.86 5.53 6.03 10
4.95 5.67 4.36 5.42 5.61 6.78 3.97 4.93 16
4.95 4.36 5.67 5.42 6.86 6.6 6.32 6.01 16
6.41 5.64 5.92 5.24 6.8 5.95 6.43 6.08 5
9.36 7.87 9.69 8.28 8.58 7.25 10.55 9.18 18
8.48 8.19 8.33 7.78 6.99 6.37 9.17 8.58 13
5.29 3.81 5.14 3.81 6.46 5.2 4.24 3.19 15
7.64 8.83 6.75 7.98 7.74 8.99 5.82 7.2 2
5.99 5.01 5.92 5.29 5.47 5.11 5.4 4.86 17
7.62 6.33 6.84 5.72 7.37 6.28 5.32 4.21 17
6.25 6.96 5.41 6.18 5.27 6.34 4.2 4.77 7
7.83 7.45 6.48 6.02 6.6 6.2 5.35 5.13 7
6.28 6.06 7.82 7.59 8.39 8.05 8.37 8.4 19
6.75 5.51 5.54 4.18 4.41 3.26 5.48 4.02 19
7.63 6.16 8.81 7.35 9.89 8.39 8.59 7.17 11
7.84 6.59 7.46 6.24 8.15 6.81 5.98 4.8 7
10.35 8.96 10.93 9.55 12.33 10.96 10.4 9.12 13
6.75 6.64 6.87 6.43 8.19 7.65 5.94 5.3 0
5.21 6.31 6.12 7.33 7.29 8.37 5.69 6.89 7
4.89 4.17 6.15 5.41 7.29 6.44 6.59 6.17 11
7.8 6.99 8.38 7.35 7.83 6.64 9.84 8.8 8
6.6 5.41 7.75 6.58 7.55 6.37 8.98 7.71 11
13.1 12.2 11.91 11.11 12.03 11.3 10.59 9.72 4
10.1 8.95 10.53 9.3 11.92 10.71 9.85 8.68 18
7.47 7.65 7.06 7.53 8.13 8.72 5.73 6.35 9
7.57 6.77 6.67 5.66 7.64 6.49 5.71 4.83 12
8.55 7.29 8.09 7.02 9.08 8.07 8.35 7.42 3
6.38 6.4 5.58 5.32 6.65 6.18 5.19 4.71 19
5.53 5.92 6.38 6.98 5.79 6.63 7.23 7.65 19
4.96 3.9 4.82 3.52 3.62 2.21 5.39 4.3 5
6.68 6.2 8.15 7.54 8.93 8.44 8.92 8.35 8
6.37 6.55 6.07 6.05 4.71 4.64 6.99 6.66 19
7.93 7.76 8.06 7.68 9.45 8.99 7.34 6.71 17
8.19 6.73 7.05 5.62 7.81 6.45 6.29 4.99 9
9.95 8.98 8.63 7.72 7.54 6.56 8.83 7.85 9
7.06 7.06 5.56 5.63 5.49 5.36 4.86 4.78 19
6.9 8.08 5.82 7.1 6.6 7.89 4.68 5.83 0
5.41 4.89 5.67 4.81 5.06 3.92 5.65 4.92 9
6.64 8.09 6.67 8.19 6.67 8.19 5.75 7.27 16
6.64 6.67 8.09 8.19 8.3 8.64 8.76 8.83 16
7.22 6.97 6.59 6.32 6.85 6.86 5.16 4.8 5
10.24 8.91 10.1 8.75 8.77 7.43 11.02 9.75 13
5.42 5.59 6.39 6.21 7.65 7.56 6.8 6.48 13
6.27 6.97 5.09 5.93 3.85 4.66 5.35 6.0 0
6.93 6.52 5.42 5.1 5.07 5.1 4.83 4.14 0
7.0 6.58 6.45 5.74 7.39 6.5 5.03 4.29 0
5.32 6.63 5.6 7.04 6.91 8.38 4.76 6.29 16
5.32 5.6 6.63 7.04 7.15 7.47 7.77 8.07 16
4.04 4.4 4.97 5.66 6.29 6.81 5.21 6.08 2
7.11 7.47 7.51 7.63 8.86 8.9 7.69 7.92 12
5.66 4.54 6.03 4.69 6.37 4.92 5.2 3.86 2
9.02 7.84 8.59 7.4 7.84 6.53 7.98 6.98 8
6.99 5.77 5.88 4.86 6.22 5.31 4.49 3.37 0
7.37 6.85 5.88 5.32 5.49 4.85 5.23 5.05 1
10.72 9.47 9.5 8.26 8.84 7.48 8.65 7.55 14
5.08 4.38 4.2 3.96 4.17 4.16 5.25 5.23 0
6.68 5.47 6.61 5.54 5.96 5.16 6.24 5.08 5
7.47 6.65 7.76 6.68 9.06 7.96 6.85 5.65 16
7.47 7.76 6.65 6.68 6.1 6.08 5.75 5.81 16
6.81 7.77 6.46 7.22 5.25 6.06 7.64 8.37 19
5.01 5.69 4.41 5.05 3.32 3.7 4.43 5.39 0
10.65 9.17 10.07 8.55 8.95 7.43 9.81 8.33 3
7.84 7.16 9.24 8.64 10.25 9.51 9.66 9.15 14
5.29 5.52 6.43 6.67 6.21 6.38 7.61 7.63 0
6.95 7.0 6.75 6.46 6.02 5.65 8.17 7.75 7
7.28 6.33 6.84 6.1 6.4 5.94 5.99 5.18 3
7.4 6.88 6.86 6.1 7.37 6.66 7.69 6.7 18
6.81 5.68 6.63 5.48 7.97 6.77 6.36 5.48 9
11.04 9.8 9.5 8.26 9.18 7.88 9.0 7.93 6
8.49 7.03 7.26 5.86 7.35 5.98 5.99 4.55 17
8.06 6.93 7.39 6.38 5.97 4.95 8.13 7.07 17
13.13 12.2 12.16 11.23 11.79 10.73 10.98 10.16 14
8.16 7.21 6.83 5.97 5.82 4.79 6.65 6.1 11
11.1 10.39 10.13 9.27 10.1 9.22 10.82 9.82 18
7.59 7.64 7.32 7.07 8.12 7.73 8.05 7.72 7
5.91 6.21 6.07 6.72 7.35 8.0 6.4 7.15 7
4.62 5.0 4.44 4.35 5.83 5.55 3.85 3.48 17
6.32 6.35 6.64 7.0 7.87 8.18 5.69 6.25 15
8.74 7.6 7.3 6.16 7.49 6.28 6.48 5.25 15
9.12 9.09 7.66 7.68 6.86 6.96 7.38 7.12 10
7.65 7.08 8.79 8.26 8.51 7.97 9.39 9.08 2
7.02 6.36 5.55 4.89 5.11 4.85 5.73 4.9 11
6.93 5.56 5.49 4.11 4.93 3.45 4.9 3.81 11
8.71 7.6 7.91 6.83 8.04 7.18 8.74 7.58 13
6.64 5.48 5.55 4.36 6.41 5.21 4.72 3.85 13
6.56 6.35 5.8 5.57 6.56 6.05 4.32 4.06 0
5.52 5.44 4.57 4.49 3.27 3.5 5.4 5.52 12
7.18 5.81 5.69 4.38 5.51 4.22 4.94 3.54 12
5.11 5.45 5.24 5.71 4.13 4.79 6.34 7.02 11
9.51 8.14 8.92 7.54 7.54 6.13 9.23 7.98 17
5.89 5.73 4.9 4.67 3.54 3.39 5.5 4.85 15
5.12 6.6 4.18 5.71 3.62 5.09 5.29 6.79 2
4.71 5.24 4.7 5.18 5.13 5.92 5.98 6.2 12
8.92 7.77 7.98 6.73 8.85 7.49 7.68 6.56 16
8.92 7.98 7.77 6.73 7.16 6.01 8.52 7.36 16
6.44 5.43 6.01 4.77 7.24 5.89 4.98 3.62 15
11.21 10.32 11.43 10.52 12.71 11.72 10.41 9.41 14
10.39 9.33 10.59 9.41 11.88 10.64 9.59 8.3 8
4.55 4.23 6.07 5.75 6.64 6.53 6.63 6.42 0
4.79 5.83 5.78 6.69 6.38 7.03 5.45 6.32 8
5.22 6.58 5.28 6.61 6.12 7.53 4.06 5.33 15
6.61 7.18 5.86 6.15 6.0 6.26 4.47 4.78 2
8.51 7.5 8.39 7.21 8.03 6.71 7.59 6.47 13
6.92 6.83 6.93 6.5 7.86 7.35 5.62 5.05 0
5.8 6.73 6.39 7.55 7.0 8.22 5.6 6.89 19
4.15 4.27 4.93 4.61 4.89 4.19 4.95 4.62 5
8.87 7.68 8.81 7.47 9.76 8.43 9.43 8.02 14
12.06 11.17 10.74 9.89 10.82 10.14 9.55 8.68 4
8.26 7.92 6.87 6.44 6.13 5.75 7.2 6.47 9
7.41 6.37 6.93 5.77 8.09 6.94 6.87 5.51 19
5.2 4.87 5.92 5.94 6.98 6.91 6.78 6.85 5
5.44 6.1 5.59 5.88 5.96 6.23 6.91 7.06 9
6.21 7.34 6.41 7.73 5.96 7.3 7.93 9.25 14
7.72 7.39 7.21 6.67 6.19 5.49 8.44 7.73 18
5.42 6.4 4.16 4.98 4.21 4.73 4.69 5.27 14
5.32 5.94 5.29 6.09 6.55 7.24 5.56 6.66 4
4.22 5.23 4.98 5.86 6.35 7.22 4.91 5.41 8
7.91 7.12 6.87 6.18 6.82 5.92 7.61 7.13 9
7.09 6.72 5.6 5.22 5.16 5.16 5.02 4.53 9
6.2 7.36 5.02 6.26 3.77 4.99 5.39 6.81 14
6.3 7.81 5.82 7.25 4.56 5.96 6.04 7.42 5
5.73 6.06 5.18 5.22 4.69 4.92 4.42 4.17 8
5.76 7.14 6.08 7.56 6.32 7.74 5.26 6.8 16
5.76 6.08 7.14 7.56 8.18 8.43 7.57 8.0 16
6.49 6.81 6.94 7.51 7.86 8.55 5.93 6.71 9
8.36 6.98 7.84 6.47 8.55 7.31 6.33 4.99 17
5.72 6.49 6.28 7.1 7.18 8.17 5.4 6.25 3
10.74 9.37 9.84 8.45 8.47 7.07 10.42 8.96 3
5.76 5.23 6.26 5.91 6.96 6.86 7.43 6.89 14
5.58 7.06 5.13 6.47 5.32 6.54 6.32 7.57 18
5.55 6.05 4.53 4.79 4.0 4.04 5.54 5.48 12
6.15 6.97 5.95 6.97 5.09 6.32 7.35 8.44 17
8.06 7.84 7.67 7.23 6.33 5.82 8.68 8.03 17
6.71 6.72 6.69 6.73 6.86 7.21 5.61 5.51 11
6.24 6.72 5.39 5.68 5.08 5.59 4.31 4.42 2
8.3 8.03 7.44 7.25 6.43 6.05 7.03 7.15 12
8.43 7.24 8.73 7.69 10.11 9.04 7.97 6.96 9
5.55 5.84 6.58 7.11 7.68 8.14 6.22 7.05 19
4.79 5.37 5.21 5.42 6.63 6.8 4.86 4.67 10
5.35 6.56 5.51 6.9 6.73 8.09 5.99 7.46 12
7.04 6.8 6.35 5.9 7.13 6.41 6.76 6.43 4
8.0 6.58 6.78 5.44 7.42 6.25 5.93 4.68 17
9.14 9.53 7.62 8.01 7.54 7.79 7.05 7.71 11
8.82 7.99 7.53 6.62 7.02 5.95 6.63 5.97 16
8.82 7.53 7.99 6.62 8.84 7.39 6.66 5.25 16
6.23 5.8 5.5 4.99 4.1 3.57 5.91 5.7 4
5.37 6.26 5.59 6.7 4.65 5.8 6.03 7.32 8
5.56 6.01 4.05 4.64 3.56 3.77 4.12 5.08 6
6.09 5.81 4.9 4.83 4.31 4.59 4.15 3.73 18
8.62 7.76 9.46 8.53 9.29 8.5 10.93 10.01 14
6.11 5.97 6.97 6.61 8.32 7.95 6.75 6.07 4
4.06 4.89 5.38 6.34 6.43 7.18 6.02 7.1 4
6.17 4.79 6.0 4.62 6.76 5.55 6.9 5.45 9
8.66 7.7 7.88 6.78 6.47 5.42 8.53 7.46 4
5.37 5.68 6.06 6.12 7.42 7.43 5.68 5.37 7
5.78 7.29 5.88 7.35 7.25 8.69 5.88 7.34 6
5.37 6.01 4.46 5.08 5.41 5.77 4.44 5.41 12
7.52 6.15 6.69 5.28 7.57 6.11 5.36 3.89 0
7.75 8.9 6.71 7.8 6.37 7.24 5.61 6.85 14
5.53 5.1 5.0 4.54 4.33 3.51 4.48 4.47 14
7.58 6.07 9.04 7.54 9.76 8.3 9.26 7.8 15
7.28 5.97 8.66 7.31 8.66 7.28 9.49 8.26 14
7.41 7.7 8.49 8.63 9.46 9.47 9.35 9.65 14
9.28 8.34 8.27 7.26 8.16 6.95 9.01 8.03 16
9.28 8.27 8.34 7.26 8.79 7.81 6.87 5.84 16
6.34 6.91 5.21 5.57 5.91 6.02 5.06 5.19 4
6.64 5.16 7.29 5.93 8.65 7.26 7.49 6.26 1
7.94 8.5 7.33 8.14 7.47 8.36 5.94 6.79 9
5.79 6.69 5.06 5.81 4.55 4.98 4.24 5.22 2
5.64 6.61 5.94 7.02 5.77 7.06 5.46 6.38 0
5.09 6.26 3.82 4.83 3.59 4.45 4.51 5.16 8
4.8 5.88 4.16 5.47 5.14 6.43 4.55 6.0 3
4.07 5.14 4.17 5.08 5.59 6.43 3.78 4.25 16
4.07 4.17 5.14 5.08 5.06 4.66 5.6 5.85 16
5.59 5.44 6.6 6.71 7.91 7.86 6.7 7.02 2
5.75 7.06 6.19 7.57 6.51 7.76 5.43 6.89 5
4.39 4.73 5.16 5.13 4.93 4.49 5.36 5.43 1
9.24 7.92 8.34 6.97 7.07 5.66 9.15 7.71 9
9.33 7.98 8.06 6.67 7.13 5.87 7.6 6.12 7
5.51 5.51 5.3 4.92 5.29 4.63 6.68 6.2 15
4.66 4.97 5.47 5.35 5.19 4.78 5.75 5.49 3
5.54 5.75 6.16 6.69 7.53 7.98 6.33 7.04 17
4.55 5.13 4.91 5.02 6.25 6.31 4.23 4.03 8
5.78 6.83 6.37 7.63 5.86 7.23 7.83 9.05 17
5.39 5.32 5.62 5.12 4.54 3.81 6.65 6.05 17
9.02 7.63 7.51 6.15 6.9 5.53 7.45 6.27 5
9.37 7.87 7.96 6.48 8.02 6.57 6.93 5.42 9
4.96 5.31 5.02 5.07 5.43 5.1 3.96 4.07 11
4.61 5.22 6.02 6.71 6.81 7.25 6.22 7.12 11
8.28 8.08 7.08 6.92 6.55 6.7 7.78 7.58 4
4.44 3.12 4.47 3.0 4.54 3.31 5.91 4.42 5
7.34 5.95 6.15 4.85 5.69 4.3 5.2 4.03 9
5.56 5.72 6.17 6.65 6.64 7.17 5.47 6.24 19
5.46 5.52 5.85 5.51 6.97 6.64 4.9 4.33 17
10.02 9.16 9.42 8.51 9.21 8.47 8.23 7.19 9
6.93 5.52 6.35 4.87 5.21 3.82 6.27 4.74 15
7.03 6.17 6.98 6.42 5.74 5.33 8.03 7.47 2
5.85 6.63 5.71 6.73 4.87 6.09 7.12 8.22 4
4.69 5.52 4.14 4.6 4.12 4.6 5.41 5.57 4
6.14 6.1 6.43 6.74 6.97 7.31 7.68 8.02 19
10.53 9.09 9.27 7.79 9.78 8.27 8.68 7.26 19
6.88 6.6 6.13 5.8 7.05 6.5 4.77 4.31 7
6.25 7.25 5.15 6.31 6.0 7.25 4.55 5.86 11
7.05 6.46 5.57 4.97 5.51 4.55 5.53 5.1 9
6.17 4.74 7.7 6.27 8.3 6.99 8.42 6.96 9
7.81 7.82 7.18 7.24 7.41 7.21 8.13 8.37 15
5.36 6.76 5.29 6.64 6.65 8.01 5.18 6.31 0
11.19 10.43 10.43 9.85 11.42 10.97 9.29 8.75 4
9.76 8.62 11.03 9.8 10.86 9.52 11.66 10.48 4
4.58 3.72 5.21 4.46 6.56 5.65 4.77 3.97 4
6.26 5.45 4.98 4.39 5.59 5.31 4.26 3.87 0
6.76 7.87 5.25 6.34 4.88 5.79 5.22 6.16 9
6.66 5.82 8.2 7.32 8.82 7.78 8.72 7.86 17
6.16 5.95 5.11 5.15 4.17 4.46 6.02 6.33 17
5.61 6.32 6.18 7.16 7.48 8.4 6.57 7.67 17
5.87 6.65 6.51 7.53 7.83 8.77 6.86 8.01 17
5.14 5.08 5.25 4.74 6.16 5.6 6.18 5.51 16
5.14 5.25 5.08 4.74 5.92 5.5 6.02 5.49 16
9.74 9.03 9.2 8.32 8.59 7.8 8.36 7.36 14
9.78 9.14 9.98 9.55 11.05 10.61 10.55 10.25 14
4.63 4.91 4.19 4.1 5.32 5.17 4.56 4.01 9
5.14 4.8 4.77 4.65 3.51 3.39 5.2 5.5 14
5.46 5.52 5.78 5.83 7.21 7.24 5.56 5.27 14
7.63 7.88 7.48 7.44 6.16 6.03 8.24 8.09 13
5.66 6.08 6.03 6.78 5.11 6.07 7.29 8.01 17
7.3 6.4 7.44 6.49 7.31 6.61 6.67 5.55 17
7.06 6.81 7.02 6.44 7.65 6.95 5.7 5.0 16
7.06 7.02 6.81 6.44 7.34 6.83 5.41 4.97 16
5.95 6.68 6.51 7.5 6.8 7.88 5.84 6.99 16
5.95 6.51 6.68 7.5 7.99 8.73 7.05 7.96 16
4.31 4.47 4.74 4.39 4.31 3.64 4.83 4.38 16
4.31 4.74 4.47 4.39 4.18 3.98 5.99 5.81 16
5.67 6.32 6.03 6.99 6.25 7.32 5.27 6.38 7
5.57 5.71 5.86 5.58 6.78 6.44 6.8 6.42 7
4.26 4.6 4.58 4.41 4.02 3.49 4.71 4.51 15
5.46 5.35 5.77 5.24 6.37 5.84 4.76 3.96 15
4.73 5.82 5.3 6.15 5.16 5.69 5.12 5.99 15
5.82 5.83 7.09 7.22 7.16 7.59 7.5 7.55 17
10.19 9.15 9.28 8.22 8.32 7.41 8.72 7.5 6
7.32 6.52 7.03 5.98 7.02 6.02 5.89 4.72 17
4.23 3.66 5.45 4.7 5.7 4.61 5.69 5.15 5
5.54 5.18 6.43 6.36 7.53 7.32 7.2 7.22 17
6.25 6.77 6.95 7.54 7.34 7.7 8.31 8.98 7
5.66 5.15 5.45 4.7 5.66 5.14 6.74 5.78 13
8.95 7.71 8.51 7.12 9.61 8.18 7.25 5.85 13
5.45 5.52 4.93 4.62 4.14 3.64 6.26 5.69 15
8.39 7.22 7.64 6.37 8.05 6.87 6.14 4.87 3
4.91 5.84 5.32 6.53 6.04 7.28 4.4 5.78 17
6.61 6.62 6.66 6.31 8.06 7.63 6.06 5.64 16
6.61 6.66 6.62 6.31 8.01 7.6 6.33 5.96 16
5.33 6.29 5.87 7.07 7.1 8.28 5.11 6.48 9
3.99 4.41 4.56 4.49 5.15 4.8 3.9 3.58 16
3.99 4.56 4.41 4.49 4.23 3.9 4.27 4.3 16
5.35 6.25 5.81 6.98 7.17 8.3 5.18 6.49 17
6.23 7.22 5.83 6.99 4.88 6.21 7.15 8.39 16
6.23 5.83 7.22 6.99 7.69 7.32 6.87 6.97 16
8.23 7.95 7.74 7.32 6.37 5.9 8.68 8.03 9
6.98 6.42 6.88 6.55 7.88 7.72 5.56 5.44 11
8.83 8.49 8.15 7.59 9.08 8.42 6.79 6.29 12
8.66 7.21 8.66 7.32 10.05 8.73 8.07 6.77 19
5.25 6.17 5.43 6.62 5.13 6.46 6.94 8.13 3
6.47 7.58 6.58 7.89 5.56 6.95 7.89 9.21 2
7.78 7.52 7.18 6.76 5.8 5.34 8.07 7.39 10
6.2 5.05 6.5 5.12 6.43 5.06 7.99 6.6 15
4.94 5.34 5.19 5.89 4.15 5.1 6.05 6.6 0
5.04 6.22 4.51 5.87 3.54 5.02 4.39 5.58 5
6.75 7.28 5.67 6.34 4.36 4.96 5.94 6.91 9
5.98 5.2 4.54 3.87 3.9 3.52 4.83 4.5 9
5.94 5.45 4.55 4.31 4.36 4.14 3.63 3.2 5
8.59 8.08 7.08 6.65 6.5 5.81 7.01 6.81 11
6.85 7.19 5.38 5.84 5.31 5.7 4.56 4.79 9
7.83 6.47 6.74 5.41 7.43 6.09 6.57 5.46 14
5.41 5.29 6.22 5.79 6.2 5.8 6.13 5.35 7
5.02 5.68 5.7 5.98 5.03 4.99 6.4 6.64 19
5.31 4.87 5.81 4.97 6.06 5.05 5.17 4.2 17
8.67 8.33 8.53 7.95 9.49 8.89 7.17 6.53 17
5.41 3.96 6.76 5.27 7.46 5.95 7.77 6.35 12
13.27 13.14 12.37 12.16 11.52 11.43 11.64 11.28 19
8.36 7.8 7.46 6.7 6.07 5.39 8.03 7.06 7
9.14 7.88 7.62 6.36 7.42 6.22 6.95 5.86 11
7.68 7.64 7.02 6.71 6.78 6.33 8.17 7.69 17
4.72 5.59 4.35 4.88 5.5 5.95 4.7 4.85 1
5.51 5.32 6.04 6.21 7.44 7.53 6.06 6.45 7
6.09 4.62 7.6 6.12 8.4 6.94 8.12 6.74 19
8.78 7.6 7.42 6.17 7.07 5.91 7.79 6.38 17
4.79 4.6 5.38 5.02 5.1 4.38 5.38 5.33 11
4.69 6.15 4.51 5.99 4.71 6.21 3.46 4.82 13
5.95 5.29 4.84 3.98 5.09 4.31 3.47 2.82 15
7.21 5.7 6.95 5.48 6.03 4.56 6.74 5.41 7
6.69 5.46 8.22 6.95 8.66 7.27 8.95 7.75 8
8.26 8.25 8.4 8.1 7.78 7.39 9.89 9.53 9
5.92 6.55 6.05 6.34 4.89 5.0 7.0 7.25 7
5.63 7.04 5.61 7.04 4.69 6.17 5.72 7.0 0
5.64 4.95 4.94 4.28 4.47 4.27 4.11 3.12 5
9.27 8.7 7.87 7.36 6.97 6.57 7.56 6.81 11
10.19 8.75 8.75 7.32 8.11 6.61 8.94 7.56 9
5.27 6.19 5.6 6.2 7.01 7.61 5.53 5.83 14
5.83 5.44 6.88 6.72 8.15 7.84 6.78 6.84 1
7.75 7.96 6.89 7.34 7.74 8.39 5.56 6.08 11
8.03 7.02 6.54 5.56 6.62 5.74 6.05 4.82 15
9.58 8.91 8.27 7.61 8.45 7.97 7.08 6.49 3
10.09 9.09 8.64 7.6 8.04 7.17 7.99 6.93 11
10.86 9.42 9.95 8.53 8.95 7.47 10.9 9.48 11
8.85 8.34 7.45 6.95 6.86 6.65 7.76 7.24 11
8.05 9.24 6.82 8.13 5.64 6.86 7.22 8.58 15
6.86 5.74 5.78 4.89 4.66 3.81 5.59 4.73 15
7.37 6.02 8.21 6.85 8.09 6.87 8.12 6.67 2
9.86 8.81 9.14 8.18 9.96 9.16 7.72 6.84 7
7.35 6.25 7.05 6.09 7.56 6.84 5.63 4.72 17
7.02 5.91 5.8 4.55 5.11 3.93 5.1 3.98 2
10.31 9.13 9.12 7.95 7.99 6.75 9.62 8.39 15
9.07 8.21 8.06 7.06 8.16 6.99 6.67 5.8 9
5.84 5.33 6.36 6.15 5.68 5.63 6.7 6.74 12
5.23 5.71 5.36 6.04 5.19 6.19 4.78 5.3 9
9.82 8.8 8.73 7.86 7.49 6.55 8.69 7.96 9
6.89 5.56 5.89 4.47 4.85 3.57 5.56 4.07 0
9.62 9.62 8.61 8.72 7.97 8.3 7.7 7.62 4
9.58 9.16 8.54 8.17 7.75 7.18 7.8 7.69 4
5.81 4.65 4.91 3.55 4.3 2.92 6.02 4.55 15
9.02 8.61 8.09 7.91 6.71 6.48 8.62 8.52 14
11.73 10.21 11.17 9.65 9.83 8.31 11.32 9.81 3
10.37 9.41 10.64 9.61 9.61 8.5 11.0 10.11 14
5.14 4.6 6.54 5.78 6.92 6.01 6.89 5.98 3
6.85 5.92 6.61 5.42 6.82 5.58 5.38 4.12 4
5.68 6.09 6.31 6.93 6.56 7.43 5.75 6.41 5
13.26 12.48 11.78 11.01 10.98 10.19 11.54 10.93 4
6.84 7.15 5.62 6.08 4.42 4.77 5.83 6.62 0
6.19 5.65 5.59 5.36 4.44 4.17 5.55 5.66 15
9.09 8.61 7.58 7.08 7.32 6.92 7.43 6.64 4
7.4 7.72 6.18 6.65 6.31 7.07 6.57 6.96 9
7.77 6.26 6.87 5.38 6.02 4.63 7.9 6.47 17
10.98 9.76 9.6 8.39 8.59 7.39 9.61 8.55 9
4.64 4.49 5.75 5.48 6.03 5.39 5.8 5.75 19
8.81 7.62 9.95 8.67 10.99 9.77 9.63 8.27 3
6.76 6.32 5.55 4.99 4.45 4.21 5.44 4.53 5
7.75 6.61 7.21 6.11 5.81 4.7 8.06 6.85 0
8.42 6.97 9.9 8.47 10.76 9.28 10.44 9.08 14
8.47 8.6 6.96 7.13 6.39 6.73 6.55 6.4 7
8.32 7.14 6.98 5.79 7.06 5.7 5.83 4.73 7
7.74 7.93 6.84 7.26 7.6 8.06 5.45 5.79 4
8.9 7.48 7.54 6.09 7.05 5.57 7.95 6.47 13
9.46 7.97 8.33 6.9 9.06 7.73 7.71 6.33 7
6.98 6.56 7.98 7.36 8.13 7.28 9.37 8.83 10
4.64 4.26 5.18 5.15 6.59 6.45 5.18 5.54 10
6.83 6.3 6.03 5.23 7.11 6.1 5.16 4.4 11
6.22 5.6 7.75 7.07 8.48 7.98 8.25 7.6 7
7.15 6.13 7.37 6.12 8.26 6.94 6.18 4.82 7
9.62 8.43 9.45 8.29 9.59 8.31 8.21 7.18 10
8.54 7.53 8.83 7.67 9.92 8.83 9.45 8.16 9
7.31 5.9 6.35 4.88 4.98 3.52 6.9 5.38 2
9.05 8.44 8.64 8.28 7.23 6.95 9.44 9.22 19
10.0 9.28 11.51 10.81 11.88 11.35 12.35 11.55 19
8.62 7.61 8.81 7.79 7.85 6.97 10.17 9.22 2
11.19 10.94 10.23 10.06 11.07 11.01 9.09 9.06 19
8.72 8.33 7.65 7.49 6.57 6.33 8.43 8.46 2
6.63 6.76 5.31 5.56 4.23 4.38 5.52 5.59 3
6.49 5.04 5.11 3.62 5.18 3.68 5.27 3.86 0
8.48 9.15 7.03 7.67 7.22 7.64 6.33 6.88 7
9.26 8.04 8.3 7.08 9.17 8.01 7.89 6.52 9
7.21 7.21 7.74 7.67 7.17 7.28 7.83 7.47 19
9.13 7.6 9.29 7.82 8.11 6.69 9.95 8.52 10
7.62 7.81 8.26 8.18 9.02 8.87 7.4 7.09 13
6.21 6.3 6.24 6.01 5.97 5.46 5.58 5.39 3
4.99 6.15 5.92 7.18 5.97 7.11 5.92 7.34 13
5.0 4.35 6.35 5.78 7.11 6.7 6.41 6.05 0
7.31 6.26 6.58 5.42 7.64 6.37 6.28 5.36 15
8.72 7.4 8.38 7.01 9.54 8.11 7.16 5.71 9
5.4 4.62 4.16 3.71 4.9 4.8 3.52 2.94 0
6.45 6.33 6.14 5.67 6.32 5.78 4.91 4.33 19
6.04 6.82 6.47 7.48 6.41 7.6 5.97 6.98 12
6.0 6.49 4.64 5.35 4.04 4.78 5.18 6.18 12
3.96 4.36 4.53 4.5 4.01 3.53 4.98 5.06 14
6.06 6.16 4.98 5.09 3.67 3.96 5.26 4.97 14
5.5 5.66 6.78 7.1 6.69 7.31 7.56 7.77 17
7.38 8.43 6.91 7.91 5.52 6.56 7.8 8.89 17
9.15 7.68 8.91 7.45 9.22 7.86 7.55 6.09 18
8.8 8.93 8.51 8.5 7.49 7.31 8.35 8.51 4
8.07 7.24 6.81 5.88 6.05 5.04 6.16 5.48 5
9.02 7.67 7.72 6.37 8.22 6.91 7.15 5.67 7
9.55 9.2 9.01 8.68 7.79 7.35 8.97 8.89 4
7.31 6.24 7.05 6.1 6.67 5.6 6.23 5.57 9
10.2 9.01 9.86 8.54 10.08 8.71 8.51 7.17 9
11.15 10.39 10.72 9.8 11.72 10.7 10.91 9.98 4
6.5 6.36 6.48 6.41 5.96 6.22 7.96 7.88 3
6.41 5.86 4.93 4.39 4.88 4.61 4.9 3.93 3
7.57 6.11 6.76 5.27 6.57 5.05 7.79 6.34 1
7.31 5.83 8.72 7.25 9.56 8.04 8.82 7.42 9
9.29 8.15 8.61 7.35 8.12 6.77 7.62 6.45 13
6.21 5.6 6.05 5.1 6.45 5.48 4.79 3.71 15
5.47 6.29 5.93 7.02 5.92 7.14 5.48 6.64 9
4.62 5.49 5.21 5.74 4.6 4.77 5.71 6.27 17
5.85 5.93 5.58 5.27 4.27 3.89 6.62 6.18 11
9.26 8.43 8.88 8.12 7.95 7.38 8.52 7.58 3
6.36 6.75 6.63 6.72 8.06 8.1 6.16 5.96 9
6.9 6.24 7.8 7.28 9.08 8.42 7.42 6.92 19
11.38 9.87 10.29 8.77 10.69 9.16 10.45 8.95 8
7.09 7.0 6.64 6.63 7.89 7.93 5.71 6.01 12
5.09 4.84 5.0 4.57 6.38 5.93 4.85 3.97 17
5.32 6.66 4.73 6.19 5.53 6.91 5.37 6.91 17
6.36 5.5 7.88 6.99 8.27 7.42 8.64 7.92 17
6.1 5.66 4.79 4.18 4.66 3.96 5.29 4.34 15
7.54 8.54 6.85 8.03 5.43 6.61 7.32 8.63 15
7.17 6.27 7.51 6.77 8.8 7.98 7.81 7.33 19
7.91 6.59 7.26 6.04 7.96 6.72 7.76 6.76 3
9.67 9.18 10.6 9.95 9.96 9.18 11.58 11.02 14
6.41 5.04 7.8 6.49 8.07 6.9 8.91 7.51 11
7.3 8.07 7.22 7.99 7.68 8.64 5.93 6.63 3
9.49 8.4 8.31 7.13 7.2 6.06 8.88 7.55 14
4.79 4.79 5.47 5.71 6.22 6.22 4.78 5.34 14
5.92 6.66 6.92 7.86 6.51 7.66 7.61 8.53 7
4.64 4.32 5.24 4.46 5.05 4.05 5.16 4.26 16
4.64 5.24 4.32 4.46 5.19 5.18 5.14 5.04 16
7.0 6.46 7.13 6.28 7.93 7.03 5.89 4.89 15
5.08 4.93 5.84 5.29 7.15 6.62 5.42 4.56 15
4.78 3.91 6.05 5.34 7.16 6.23 6.58 6.09 0
5.57 6.0 5.53 6.0 4.45 4.8 6.81 7.09 14
7.03 8.54 6.11 7.6 4.93 6.38 7.02 8.43 11
4.62 5.13 4.38 4.44 5.27 5.27 5.21 4.98 17
7.84 7.4 6.72 6.46 7.25 7.27 5.39 5.15 7
6.51 7.87 5.25 6.55 5.02 6.13 4.19 5.63 0
5.72 4.96 5.07 4.68 4.28 4.17 4.6 4.2 0
7.63 9.11 7.22 8.62 5.93 7.33 7.47 8.77 0
7.94 6.46 7.23 5.7 8.17 6.65 5.89 4.37 18
5.13 4.99 4.22 4.52 5.21 5.74 4.13 4.55 15
7.5 7.77 6.59 7.11 6.11 6.58 7.6 8.32 16
7.5 6.59 7.77 7.11 6.66 6.21 8.54 7.88 16
6.66 6.19 7.03 6.54 6.97 6.76 8.53 7.95 11
5.58 4.87 6.97 6.27 7.34 6.91 8.08 7.28 4
5.95 5.45 6.46 6.27 7.55 7.28 7.22 7.17 0
5.64 4.7 6.91 5.85 8.03 7.08 7.41 6.14 0
4.64 3.98 5.68 4.69 5.35 4.08 6.52 5.58 0
6.08 5.66 7.62 7.17 8.24 7.54 8.25 7.94 0
6.42 5.73 7.71 6.83 8.48 7.58 7.62 6.53 5
5.64 5.93 6.58 7.0 7.7 7.92 7.3 7.95 8
6.01 5.41 6.07 5.13 7.07 6.02 6.82 5.85 18
9.45 8.54 8.43 7.58 7.08 6.23 8.82 8.2 4
7.33 6.16 8.21 6.89 7.58 6.15 9.13 7.86 7
5.9 4.81 5.85 4.49 5.24 3.83 5.5 4.17 13
6.83 6.03 7.23 6.4 7.96 7.35 6.19 5.36 17
8.09 6.61 7.48 5.98 7.55 6.03 6.13 4.68 2
9.06 7.66 8.49 7.18 9.47 8.27 7.13 5.9 19
11.4 10.36 10.26 9.14 10.65 9.4 8.92 7.85 4
7.42 6.95 6.1 5.83 6.55 6.53 5.75 5.65 7
6.85 7.97 5.35 6.45 4.89 5.86 5.39 6.28 14
5.94 5.87 4.88 5.1 3.62 3.89 5.58 6.14 11
4.97 6.16 4.35 5.26 4.27 5.13 5.58 6.26 0
6.08 6.88 7.17 8.14 6.86 8.03 7.88 8.81 9
4.77 4.49 5.47 4.77 5.32 4.35 5.45 4.69 19
6.0 7.23 6.79 8.16 7.36 8.77 6.18 7.64 17
7.1 6.63 7.1 6.36 7.71 7.03 5.81 4.93 16
7.1 7.1 6.63 6.36 6.91 6.7 5.24 4.88 16
6.0 6.35 5.78 6.48 5.4 6.13 5.08 5.97 7
5.45 5.81 4.61 4.63 3.45 3.61 4.58 4.41 15
5.61 5.99 6.61 7.21 6.26 7.14 7.17 7.7 17
4.48 4.27 4.81 4.12 4.53 3.54 4.6 3.9 15
5.94 7.08 6.34 7.67 6.83 8.17 5.42 6.86 9
7.56 7.07 7.25 6.49 7.87 7.11 5.8 4.97 17
8.46 7.15 8.73 7.58 10.02 8.86 8.99 7.96 4
6.93 6.69 6.12 5.82 7.09 6.59 6.02 6.05 4
9.9 8.39 8.64 7.15 7.71 6.2 8.15 6.73 4
8.42 6.97 7.65 6.29 8.67 7.41 6.53 5.24 11
9.11 9.08 7.85 7.69 8.29 7.97 6.72 6.78 13
6.68 5.37 6.46 5.09 6.25 4.76 7.85 6.51 13
4.57 5.43 5.96 6.89 6.53 7.64 6.19 7.16 17
5.07 4.69 5.72 4.93 6.51 5.7 4.96 3.88 0
5.01 4.35 6.43 5.59 7.29 6.62 7.22 6.35 15
5.74 4.73 6.91 5.78 7.12 5.79 8.22 7.15 5
7.65 6.12 9.03 7.5 9.08 7.58 9.71 8.21 19
7.01 6.29 6.1 5.48 6.74 6.39 4.64 4.14 9
6.37 7.78 5.41 6.89 5.25 6.62 4.2 5.71 17
4.84 5.42 4.51 4.65 3.62 3.68 4.45 4.39 19
5.39 6.25 5.17 5.75 3.86 4.38 6.1 6.71 13
7.77 7.41 6.37 6.13 6.69 6.69 5.71 5.66 7
7.18 8.03 5.66 6.55 5.11 5.87 5.45 6.17 15
6.03 4.8 4.92 3.79 3.73 2.78 5.64 4.79 5
4.63 4.8 4.41 4.11 4.47 3.86 5.79 5.37 4
8.31 8.05 8.89 8.76 9.67 9.39 9.95 9.96 4
5.84 7.07 5.57 6.66 5.74 6.91 6.84 7.77 5
4.67 5.37 4.31 4.62 5.31 5.58 4.91 4.85 14
6.3 6.54 6.67 7.2 8.0 8.47 6.94 7.66 15
5.8 6.29 6.78 7.28 7.96 8.56 6.41 7.07 15
5.47 5.07 5.6 5.03 6.68 5.87 4.45 3.76 14
7.67 9.11 7.13 8.55 8.2 9.54 5.85 7.2 19
7.68 7.06 6.56 5.95 7.34 6.77 5.63 5.34 14
4.73 3.27 5.1 3.82 6.01 4.84 6.12 4.82 5
8.37 7.77 9.09 8.64 10.32 9.91 9.59 9.01 19
4.91 5.75 6.43 7.19 7.15 7.85 7.17 8.13 2
6.01 6.73 7.22 7.89 8.39 9.0 7.24 7.67 4
4.74 4.7 5.29 4.88 6.71 6.3 5.2 4.39 7
5.49 5.84 5.97 6.63 7.09 7.64 6.72 7.52 4
4.07 4.25 4.9 5.4 4.74 5.6 5.12 5.61 2
8.01 7.36 8.67 7.98 7.84 7.17 9.51 8.61 16
8.01 8.67 7.36 7.98 6.97 7.81 6.33 6.75 16
8.46 7.43 7.9 7.05 6.49 5.66 8.36 7.74 13
5.51 5.23 5.11 4.63 4.49 4.33 4.6 3.72 19
4.46 5.82 5.18 6.61 4.95 6.26 5.31 6.82 5
5.95 7.02 7.07 8.28 7.56 8.75 6.89 8.26 9
7.76 7.42 8.38 7.77 9.07 8.44 7.51 6.69 17
7.56 7.28 6.58 6.58 7.02 7.23 5.12 5.07 17
7.84 8.54 6.71 7.59 7.44 8.5 5.67 6.59 9
7.58 7.75 7.2 7.06 6.49 6.28 6.62 6.43 9
5.91 6.21 6.09 6.72 5.22 6.09 6.31 6.95 4
4.88 5.4 4.84 4.92 3.64 3.54 5.85 5.86 11
10.29 9.06 10.36 9.02 11.1 9.71 9.04 7.66 9
8.0 6.48 6.7 5.21 7.12 5.75 6.44 5.02 9
10.32 9.2 9.08 8.03 9.34 8.29 7.82 6.69 7
6.18 7.16 6.01 6.7 5.11 5.66 5.94 6.53 9
4.39 4.43 4.37 3.92 3.2 2.53 5.27 4.81 5
7.24 5.88 5.76 4.43 5.15 3.67 5.89 4.66 16
7.24 5.76 5.88 4.43 4.98 3.61 5.58 4.09 16
10.88 10.44 9.54 9.22 9.07 8.69 8.6 8.27 4
9.61 9.84 9.45 9.5 8.13 8.1 10.01 10.1 18
10.28 9.81 9.15 8.84 7.9 7.5 9.59 9.41 4
8.17 9.69 7.08 8.57 5.79 7.3 7.58 9.01 0
6.6 5.21 6.2 5.0 4.83 3.75 7.16 6.1 12
7.61 8.9 6.3 7.62 6.38 7.57 5.12 6.43 19
5.43 4.56 4.18 3.22 3.5 2.31 3.61 3.19 5
8.21 8.32 7.14 7.41 5.91 6.05 7.11 7.67 9
5.28 5.61 6.41 6.9 7.22 7.53 7.45 8.0 0
5.73 6.8 5.98 6.9 6.61 7.66 7.16 7.9 7
4.2 4.8 3.91 4.69 3.73 4.14 5.34 6.16 5
6.0 6.02 4.74 4.57 4.11 4.2 5.44 4.86 13
9.13 8.15 8.1 7.02 7.98 7.05 8.82 7.58 14
6.25 5.46 7.27 6.4 6.86 5.89 8.0 7.35 5
4.71 4.4 5.31 4.55 5.0 3.99 5.36 4.53 9
5.83 6.84 6.68 7.89 7.16 8.38 6.2 7.56 17
7.66 7.35 7.91 7.3 8.55 7.93 6.75 5.98 7
7.51 7.1 6.28 5.71 5.09 4.74 6.63 5.77 7
4.78 4.67 5.31 4.74 6.73 6.16 5.12 4.29 9
5.94 5.82 6.6 6.18 7.79 7.28 7.22 6.91 11
6.1 5.59 7.42 7.03 8.35 7.95 8.21 7.67 16
6.1 7.42 5.59 7.03 4.2 5.68 6.49 8.01 16
8.76 7.9 7.7 7.05 8.29 7.83 6.35 5.65 19
4.98 6.46 5.38 6.9 4.47 5.95 6.15 7.67 11
4.73 5.26 4.57 4.64 3.97 3.86 4.31 4.21 15
5.63 6.79 5.59 6.95 5.93 7.27 4.46 5.92 14
7.13 6.78 6.53 6.01 7.2 6.8 5.01 4.55 17
11.34 11.17 10.38 10.05 9.41 9.14 9.81 9.45 8
8.31 7.84 6.92 6.62 7.29 7.27 6.25 5.94 9
7.04 5.55 5.57 4.12 5.33 3.95 5.67 4.41 5
6.29 6.35 6.26 6.03 7.04 6.89 4.95 4.6 14
4.66 6.11 4.97 6.45 5.15 6.49 4.29 5.77 19
4.28 5.31 5.26 6.09 5.07 5.56 5.71 6.66 0
7.61 6.62 7.6 6.88 6.35 5.79 8.29 7.67 5
7.67 7.49 7.44 6.99 6.39 5.96 7.4 6.74 8
5.32 5.56 6.4 6.88 7.53 7.92 7.06 7.49 14
5.45 6.69 6.07 7.14 6.73 7.86 7.3 8.26 19
6.04 7.5 5.94 7.39 5.84 7.15 7.36 8.81 0
5.81 5.48 4.77 4.22 4.56 3.71 5.68 4.95 2
4.24 4.36 5.1 4.81 4.85 4.15 5.46 5.24 14
10.04 9.27 8.95 8.33 9.37 8.84 9.09 8.67 18
5.11 5.79 5.33 5.6 6.26 6.39 6.26 6.49 4
4.97 5.5 5.52 5.68 6.63 6.86 6.31 6.25 15
6.33 6.48 7.35 7.72 8.62 8.87 7.64 8.12 19
8.15 7.93 7.71 7.32 6.3 5.92 8.45 8.16 5
6.63 5.95 6.57 5.59 7.35 6.25 5.23 4.15 15
5.84 6.97 6.53 7.8 7.08 8.44 5.84 7.18 5
4.82 5.61 6.08 6.75 6.36 6.71 6.32 7.09 8
6.37 6.16 7.91 7.68 8.53 8.45 8.46 8.32 2
7.56 6.98 9.07 8.47 9.52 8.74 9.61 9.2 19
7.78 6.33 7.93 6.53 7.22 5.8 9.4 7.99 14
8.72 8.04 9.31 8.54 8.91 8.28 9.16 8.18 13
11.62 10.7 10.74 9.71 11.66 10.53 10.17 9.23 14
8.17 7.27 8.2 7.42 9.56 8.83 8.05 7.14 7
7.79 7.03 9.07 8.16 10.2 9.4 9.42 8.4 1
10.26 8.88 9.49 8.03 10.46 8.96 8.29 6.85 7
6.96 6.24 5.97 5.03 6.63 5.46 6.15 5.2 7
6.05 6.33 5.74 6.35 7.0 7.64 5.68 6.53 1
5.41 5.99 5.2 5.44 6.51 6.56 4.27 4.22 0
11.49 10.54 10.99 10.03 11.23 10.13 9.56 8.66 18
9.25 7.96 8.55 7.28 9.62 8.33 7.44 6.08 7
5.54 5.75 5.39 5.2 6.57 6.3 5.75 5.33 14
4.31 5.43 5.07 6.13 6.44 7.52 5.21 5.93 9
4.97 4.57 6.4 6.04 7.31 6.69 7.1 6.96 0
5.85 6.13 6.76 6.74 7.96 8.03 6.33 6.08 3
8.05 7.57 7.7 7.02 7.7 7.14 6.5 5.67 7
6.43 4.92 5.25 3.81 5.53 4.23 5.63 4.36 12
7.89 9.34 6.39 7.85 6.37 7.9 5.97 7.37 7
7.83 7.13 6.45 5.85 6.28 5.46 5.43 4.89 0
7.24 6.48 7.57 6.8 8.32 7.35 6.46 5.77 18
11.56 10.15 10.2 8.83 10.46 9.15 9.18 7.74 18
6.66 8.1 6.71 8.02 7.9 9.16 5.57 6.78 8
6.12 7.0 5.31 6.11 6.29 7.1 4.06 5.09 1
7.31 8.29 6.4 7.56 6.71 7.97 4.93 6.06 11
8.27 7.27 7.39 6.59 6.97 6.13 6.33 5.64 5
10.8 9.37 10.59 9.18 9.9 8.44 10.0 8.69 9
7.97 7.02 7.85 6.78 9.03 7.84 6.64 5.45 9
7.55 6.18 7.77 6.58 9.18 8.0 7.58 6.47 7
8.17 6.92 8.23 6.83 9.49 8.08 7.16 5.73 6
10.74 9.91 9.99 9.15 10.8 10.06 8.58 7.83 4
6.71 5.54 5.32 4.29 4.48 3.45 5.68 5.01 17
9.38 8.02 8.04 6.66 7.2 5.96 7.54 6.06 7
9.52 9.1 8.58 8.26 7.34 6.92 8.47 8.42 8
8.47 7.24 8.39 7.34 7.35 6.45 9.72 8.75 6
7.3 6.06 6.13 4.92 5.17 3.79 6.86 5.63 17
8.41 7.21 7.13 6.05 7.3 6.45 7.31 6.25 17
7.42 5.98 5.95 4.56 5.64 4.32 5.2 3.73 15
6.69 5.73 7.89 6.78 9.09 8.07 8.2 6.92 13
7.4 6.29 6.46 5.49 5.91 4.77 7.48 6.64 7
6.07 6.13 7.46 7.58 8.29 8.49 7.55 7.87 14
7.96 6.54 7.82 6.35 9.13 7.63 6.85 5.33 11
5.87 4.38 6.24 4.78 5.95 4.51 5.92 4.65 3
9.49 9.07 9.95 9.3 8.94 8.17 10.66 9.95 14
5.08 4.14 6.05 4.91 7.36 6.23 6.0 4.61 17
5.31 5.06 6.21 6.03 7.35 6.95 6.91 7.03 18
5.83 5.3 6.54 6.16 5.8 5.62 7.52 6.92 3
5.15 5.94 4.88 5.41 3.56 3.99 5.85 6.05 14
11.17 10.59 10.75 10.04 11.07 10.44 9.31 8.55 19
11.57 10.73 11.15 10.26 10.03 9.04 10.96 10.23 18
8.16 7.78 7.12 6.72 7.81 7.22 5.83 5.32 0
10.08 8.57 9.59 8.08 10.78 9.31 8.64 7.19 9
8.44 7.44 8.89 7.87 7.93 6.87 9.48 8.65 15
7.69 7.54 8.86 8.88 9.47 9.49 10.01 9.93 9
6.77 5.79 6.62 5.61 7.91 6.81 5.61 4.44 12
6.97 7.44 8.06 8.68 9.01 9.48 7.68 8.48 14
6.16 4.72 6.78 5.47 8.18 6.81 6.39 5.15 19
6.35 6.53 5.41 5.32 6.4 6.02 4.46 4.5 5
8.95 8.53 8.04 7.76 8.76 8.46 6.65 6.28 4
9.47 8.43 8.93 7.88 8.07 6.89 8.37 7.54 4
9.01 7.55 8.37 7.02 8.46 7.16 6.98 5.66 9
10.49 9.4 10.62 9.43 10.54 9.45 9.69 8.39 8
6.74 5.77 7.27 6.39 6.41 5.74 7.9 6.86 9
6.18 5.52 4.68 4.03 4.58 3.52 4.62 4.22 0
7.86 9.17 6.45 7.75 6.55 7.67 5.45 6.76 14
7.22 6.25 6.31 5.37 7.3 6.34 5.8 5.21 17
6.28 6.01 5.65 5.29 6.74 6.16 4.43 3.85 4
8.58 7.78 9.68 8.82 10.42 9.4 9.27 8.42 18
9.42 8.23 8.03 6.87 7.28 5.97 8.36 7.23 3
7.48 5.99 8.81 7.31 9.8 8.34 9.47 7.94 1
9.57 8.11 9.95 8.58 10.03 8.73 9.14 7.85 11
5.5 5.89 6.08 6.56 7.25 7.53 6.74 7.49 1
8.12 7.02 7.18 5.92 8.13 6.75 6.41 5.18 3
5.37 4.71 4.89 3.88 5.94 4.87 5.26 4.04 3
6.07 4.96 6.21 4.86 7.5 6.16 5.24 3.88 1
7.32 6.22 6.44 5.57 6.78 6.12 4.97 4.06 13
7.86 8.51 6.55 7.27 6.9 7.82 5.44 6.23 9
8.05 6.94 6.6 5.43 5.89 4.88 6.17 5.09 9
7.25 5.73 6.31 4.82 7.01 5.58 4.9 3.39 12
8.19 7.57 8.46 8.04 9.82 9.34 8.54 8.36 19
5.88 5.21 5.66 4.67 7.02 5.91 5.29 4.39 11
8.67 7.23 8.87 7.54 10.22 8.88 7.99 6.72 11
8.37 7.49 9.83 8.98 10.62 9.82 10.58 9.58 13
5.47 5.34 5.31 4.9 4.02 3.56 6.18 5.91 3
4.79 5.65 4.45 5.62 3.61 4.96 4.32 5.41 9
6.67 6.42 5.76 5.41 5.42 5.4 4.7 4.12 13
9.31 8.45 8.01 7.04 7.12 6.25 7.53 6.59 16
9.31 8.01 8.45 7.04 7.21 5.82 8.34 6.94 16
6.46 6.06 5.67 4.97 6.34 5.48 6.16 5.3 16
6.46 5.67 6.06 4.97 6.84 5.66 4.59 3.45 16
5.41 5.68 5.47 6.1 6.72 7.28 5.86 6.7 11
4.8 6.1 5.01 6.13 6.43 7.5 4.52 5.33 17
4.73 4.1 5.93 5.52 7.11 6.5 5.99 5.89 8
5.69 6.86 5.94 7.3 6.37 7.79 4.97 6.38 3
6.48 6.18 5.97 5.43 6.42 5.57 4.51 4.05 2
4.64 5.88 5.36 6.49 5.23 6.07 5.36 6.56 2
5.43 6.0 5.87 6.67 6.38 7.39 5.02 5.89 19
5.02 4.57 6.43 6.09 6.63 6.54 7.06 6.82 19
4.5 5.18 5.24 5.58 5.09 5.03 5.31 5.67 17
5.38 5.33 5.57 5.09 6.77 6.23 6.1 5.5 3
7.66 7.29 7.43 6.82 6.83 6.31 6.85 6.02 3
6.3 7.31 6.22 7.45 5.16 6.41 6.46 7.8 9
4.64 5.24 4.61 4.82 3.42 3.53 5.67 5.92 13
6.91 7.24 5.74 6.28 5.57 6.35 4.58 4.91 4
6.66 5.47 7.24 5.89 8.34 7.06 6.37 4.99 0
7.78 8.47 8.2 8.63 8.79 9.11 7.18 7.46 11
6.66 5.4 5.16 3.94 4.62 3.2 5.23 4.1 0
7.17 7.64 5.82 6.35 6.24 6.93 5.45 5.64 10
7.56 6.2 6.73 5.34 7.77 6.37 5.83 4.34 4
5.61 5.77 6.33 6.44 6.47 6.87 5.95 5.81 4
6.95 5.76 8.27 7.18 9.14 8.01 8.2 7.35 4
4.75 5.98 4.67 5.6 4.01 4.83 4.51 5.21 11
4.98 4.61 5.16 4.8 4.07 3.78 6.05 5.99 8
8.06 8.45 7.63 7.78 6.23 6.39 8.15 8.08 2
5.66 5.36 5.69 5.71 6.92 6.85 6.06 6.39 15
5.55 4.12 6.72 5.33 7.86 6.4 7.28 6.05 12
7.69 6.44 8.65 7.52 8.82 7.69 10.05 8.88 1
5.74 6.03 6.77 7.26 6.36 7.07 7.85 8.17 9
5.61 6.07 5.97 6.11 5.03 4.91 6.6 6.83 17
6.04 7.55 6.07 7.55 5.48 6.94 5.77 7.13 14
5.93 6.42 5.19 5.77 4.94 5.87 4.13 4.45 3
9.06 9.46 7.96 8.18 7.33 7.57 7.07 7.35 12
6.65 5.29 7.93 6.62 7.81 6.6 8.99 7.58 12
6.78 5.9 5.35 4.51 4.49 3.75 5.45 4.95 12
8.29 8.29 7.29 7.46 5.93 6.08 7.67 7.76 14
9.05 7.88 8.32 7.02 7.78 6.4 9.46 8.1 9
10.06 8.65 9.19 7.86 7.79 6.46 9.53 8.23 1
6.33 5.65 5.43 4.81 5.49 5.26 4.09 3.31 5
6.3 5.86 5.18 4.78 3.97 3.45 5.84 5.21 12
8.09 7.81 6.62 6.34 6.05 6.1 6.74 6.39 12
7.99 6.51 6.74 5.22 6.75 5.28 5.51 4.04 17
5.06 4.47 4.95 4.32 5.43 5.15 6.16 5.28 13
6.24 6.52 5.67 6.13 5.14 5.36 6.97 7.49 5
6.84 6.51 8.35 8.05 8.87 8.72 8.8 8.62 3
5.66 6.32 6.59 7.47 6.88 7.76 7.97 8.77 9
5.32 5.48 5.64 5.4 5.08 4.8 7.13 6.87 3
6.27 7.77 6.4 7.92 5.25 6.75 7.49 8.96 7
5.91 5.21 5.23 4.4 3.82 3.15 5.72 4.55 3
7.04 7.09 6.78 6.5 7.42 6.96 5.35 5.01 7
5.82 6.51 6.25 7.2 6.66 7.75 5.42 6.48 1
4.48 5.24 5.09 5.51 4.81 4.84 5.16 5.61 6
7.18 7.24 5.88 5.9 5.4 5.11 5.01 5.41 8
7.02 6.67 6.75 6.08 8.08 7.28 6.05 5.29 14
5.4 5.71 5.9 6.51 7.26 7.86 5.31 6.24 7
4.46 5.1 4.85 5.05 5.69 5.72 3.92 3.79 14
7.45 6.6 8.76 7.91 9.55 8.86 9.69 8.67 9
5.5 5.68 6.8 7.12 6.78 7.29 7.9 7.99 7
6.27 5.69 4.95 4.25 5.07 4.46 5.24 4.15 12
5.68 6.28 5.17 6.0 5.94 6.63 5.88 6.97 17
4.85 5.88 4.85 5.68 6.21 7.03 4.88 5.32 19
5.36 4.52 5.45 4.59 5.58 4.42 4.57 4.05 7
7.74 9.18 7.11 8.61 7.21 8.72 5.75 7.23 0
8.01 7.06 6.81 5.85 6.4 5.21 5.8 5.1 1
9.37 8.19 7.85 6.69 7.36 6.35 7.75 6.7 13
10.07 9.25 10.19 9.35 8.99 8.21 11.27 10.56 4
8.21 7.62 8.56 8.23 7.49 7.36 9.33 9.0 4
8.81 7.38 7.56 6.2 6.38 4.95 7.77 6.5 7
8.61 8.01 7.26 6.56 7.22 6.51 7.46 6.5 14
5.47 5.28 5.12 4.7 6.37 5.94 5.14 4.29 13
5.2 6.45 4.75 6.19 5.34 6.77 5.71 7.18 19
6.55 6.06 5.63 5.05 5.23 4.31 6.67 6.05 0
8.27 7.29 7.37 6.25 6.07 5.06 7.45 6.15 19
8.68 7.34 7.25 5.88 6.4 5.18 7.38 6.0 2
8.4 7.36 7.03 6.02 6.95 5.74 5.96 5.03 17
6.11 5.69 7.25 6.75 7.07 6.39 8.5 7.89 5
8.68 7.74 8.95 7.86 8.39 7.39 10.46 9.36 4
8.36 7.46 7.08 6.11 6.86 5.68 7.53 6.55 14
6.22 4.74 5.72 4.32 6.95 5.64 5.4 4.0 16
6.22 5.72 4.74 4.32 4.76 4.13 3.98 3.44 16
7.46 6.2 6.88 5.72 7.19 5.94 7.83 6.85 17
4.78 4.97 3.77 4.32 4.75 5.55 3.53 3.82 12
4.92 4.59 4.36 4.22 3.13 2.88 4.6 4.94 5
6.26 7.54 6.25 7.64 5.73 7.02 5.83 7.32 4
7.2 6.63 7.03 6.39 7.15 6.78 5.87 5.06 17
7.41 7.62 7.26 7.18 7.67 7.39 5.94 5.81 17
5.42 5.59 5.97 6.46 6.29 6.98 5.33 5.98 6
6.1 5.17 5.75 4.55 5.54 4.21 7.11 5.84 2
5.57 6.11 6.27 7.05 7.21 7.86 7.25 8.13 4
4.16 4.58 4.75 4.66 6.13 6.06 4.95 4.62 16
4.16 4.75 4.58 4.66 4.08 3.83 4.79 4.71 16
8.6 7.48 7.69 6.73 7.68 6.7 6.34 5.42 5
7.04 6.42 5.53 4.96 5.3 4.41 4.9 4.44 14
6.24 6.61 5.06 5.66 5.81 6.57 4.18 4.52 0
6.52 5.01 5.55 4.11 6.03 4.74 6.03 4.69 0
11.03 9.74 12.12 10.89 13.25 12.02 11.73 10.63 14
5.6 6.16 6.16 7.01 7.52 8.29 6.39 7.4 17
5.0 5.06 4.9 4.5 5.87 5.4 5.68 5.05 17
6.27 6.2 4.95 4.92 4.37 4.77 4.26 3.84 0
6.42 5.19 5.42 4.33 4.1 2.91 6.11 5.04 0
7.25 7.33 6.02 5.97 5.42 5.65 6.7 6.38 7
7.77 6.79 9.26 8.32 9.6 8.81 9.82 8.95 14
8.72 7.78 8.62 7.62 9.85 8.9 7.48 6.59 18
9.07 8.4 8.18 7.45 7.91 6.95 6.97 6.44 3
5.66 5.8 5.99 5.74 7.41 7.14 5.87 5.38 5
5.04 5.97 6.09 6.88 7.33 8.09 5.96 6.45 13
6.91 6.0 5.96 5.34 5.75 5.26 4.78 4.15 0
7.59 6.31 7.4 6.03 8.39 6.94 6.03 4.62 17
10.37 9.74 11.09 10.46 12.15 11.39 10.24 9.59 14
4.66 4.85 6.02 6.08 6.6 6.92 7.11 7.07 10
7.93 7.56 7.69 7.11 6.4 5.85 8.11 7.29 5
8.45 7.63 7.92 6.97 6.51 5.62 8.75 7.89 12
7.89 7.86 7.85 7.53 9.15 8.75 6.85 6.44 17
6.51 6.99 6.92 7.69 8.03 8.79 5.94 6.92 9
4.97 5.68 5.09 5.38 5.61 5.72 4.01 4.08 0
6.46 5.62 6.19 5.65 6.9 6.32 4.76 4.41 0
5.96 7.41 6.45 7.8 6.27 7.6 6.13 7.31 14
5.93 6.25 5.43 6.09 6.59 7.39 4.26 5.12 14
10.54 10.14 9.42 8.93 9.3 8.94 8.15 7.66 11
5.42 6.74 6.68 8.0 6.94 8.37 6.87 8.06 11
4.01 4.29 5.53 5.66 6.04 5.91 6.38 6.78 0
7.26 7.74 6.7 7.46 5.86 6.67 7.97 8.84 3
5.22 6.27 5.53 6.83 6.25 7.57 4.51 5.94 5
6.36 7.8 5.89 7.25 6.82 8.05 4.45 5.76 14
6.05 6.46 5.07 5.65 6.02 6.74 4.14 5.02 13
7.71 7.85 6.71 6.73 7.06 7.21 5.26 5.38 7
7.44 6.26 6.64 5.54 5.68 4.43 6.2 5.39 16
7.44 6.64 6.26 5.54 6.15 5.19 5.05 4.49 16
9.21 8.14 7.67 6.61 7.32 6.38 7.3 6.04 8
6.25 6.12 4.9 5.02 5.35 5.79 3.97 3.86 5
7.77 6.85 7.79 6.89 6.67 5.93 8.12 7.03 8
7.23 8.19 6.76 7.52 5.34 6.09 7.46 7.99 5
8.82 8.53 9.41 9.24 8.5 8.48 10.21 9.89 8
7.1 8.37 7.08 8.24 5.83 6.95 7.81 8.79 5
6.84 6.35 6.33 6.02 5.0 4.89 7.36 7.28 17
7.42 6.52 6.23 5.18 4.99 4.13 6.59 5.42 5
7.58 7.65 7.57 7.36 7.72 7.31 6.49 6.23 14
4.89 5.5 5.77 6.09 5.38 5.35 6.28 6.7 15
5.49 5.69 6.57 6.96 6.26 6.84 7.74 7.93 7
5.07 5.07 5.35 4.95 4.33 3.69 6.26 5.91 8
10.22 9.41 9.62 8.7 10.08 9.24 8.11 7.18 4
5.37 3.86 5.26 3.84 6.56 5.19 5.37 4.04 5
7.61 6.55 7.49 6.54 8.65 7.82 6.26 5.52 17
9.14 8.0 9.48 8.28 9.88 8.81 8.46 7.18 19
6.0 5.83 5.1 5.22 3.69 3.85 5.61 5.63 6
8.15 8.71 6.75 7.25 5.81 6.42 6.65 7.28 12
6.99 6.16 5.56 4.76 5.36 4.94 4.67 3.77 7
6.89 6.28 5.99 5.6 5.52 4.95 5.03 4.91 9
6.33 5.26 7.82 6.68 8.65 7.67 8.44 7.16 11
6.39 5.64 7.85 7.0 8.22 7.16 8.34 7.51 0
4.23 5.21 4.62 5.36 6.01 6.64 4.11 4.42 17
5.57 5.5 6.77 6.82 7.96 7.92 6.87 7.25 17
10.2 8.91 9.22 8.04 9.71 8.57 7.78 6.55 17
7.08 6.16 5.62 4.84 5.42 4.73 4.79 3.77 13
7.57 6.98 6.23 5.83 6.7 6.6 5.63 5.13 17
7.91 7.68 7.2 6.79 8.3 7.71 6.21 5.62 8
6.84 6.64 7.99 7.59 9.04 8.62 7.73 7.05 7
8.91 8.75 9.62 9.58 10.03 10.18 10.95 10.79 14
5.55 4.13 7.09 5.67 7.75 6.32 7.72 6.43 12
6.08 5.7 5.77 5.31 7.09 6.54 5.01 4.24 12
4.58 3.15 4.02 2.51 5.13 3.66 4.28 3.01 5
5.38 5.78 5.8 6.19 6.8 6.92 6.7 7.33 3
5.41 5.28 6.46 6.28 7.69 7.59 6.91 6.4 0
7.4 7.26 8.66 8.44 9.81 9.66 9.04 8.56 13
6.37 5.31 7.89 6.81 8.58 7.35 8.61 7.7 12
4.97 5.06 6.2 6.48 6.56 7.06 6.32 6.71 9
5.28 5.83 5.73 5.98 6.21 6.16 4.91 5.07 9
6.15 7.56 6.14 7.6 7.13 8.64 4.86 6.34 14
6.31 5.39 5.38 4.3 6.02 4.69 3.91 2.89 10
9.21 7.72 9.82 8.3 10.97 9.47 10.43 8.9 3
5.72 6.26 6.82 7.55 6.69 7.56 8.14 8.72 10
4.61 4.31 5.2 4.45 4.43 3.41 6.29 5.6 4
7.59 7.08 6.24 5.69 5.39 4.74 5.82 5.62 4
7.22 6.01 6.01 4.74 5.79 4.75 6.62 5.23 5
6.77 8.17 5.73 7.21 5.56 7.06 4.53 5.95 5
8.14 9.51 6.78 8.09 5.89 7.29 7.12 8.28 15
6.18 5.19 5.6 4.95 6.32 5.75 4.09 3.57 15
5.93 6.65 4.96 5.94 5.62 6.63 5.29 6.48 5
8.08 7.07 8.45 7.65 9.49 8.75 7.36 6.77 13
6.38 6.13 4.86 4.7 4.54 4.71 4.36 3.76 18
10.08 8.8 8.59 7.3 8.14 7.0 7.9 6.6 18
7.23 5.72 8.62 7.09 8.64 7.13 9.47 7.95 15
6.31 5.19 7.75 6.7 8.52 7.48 7.96 7.13 16
6.31 7.75 5.19 6.7 4.05 5.55 5.1 6.51 16
9.35 8.37 7.92 6.94 7.15 6.37 8.11 7.2 8
5.44 5.55 4.4 4.65 3.24 3.26 4.38 5.09 5
5.14 5.47 5.11 5.42 4.38 5.02 5.02 4.92 0
5.87 6.33 6.68 7.07 6.15 6.36 7.19 7.83 19
10.16 9.88 9.4 9.18 8.11 7.8 9.4 9.43 18
4.46 5.02 4.3 5.21 3.46 4.34 4.35 5.56 7
9.36 8.19 8.84 7.52 8.91 7.6 7.49 6.15 7
5.67 4.18 5.23 3.87 5.67 4.49 3.83 2.55 5
6.27 5.87 5.17 4.78 5.74 5.07 3.81 3.39 5
7.51 8.77 7.12 8.42 8.08 9.28 5.71 6.96 19
7.6 6.91 7.01 6.09 8.21 7.15 6.35 5.53 0
5.83 5.13 6.03 5.49 7.45 6.88 5.57 4.9 15
12.89 11.53 11.95 10.62 11.32 9.93 10.99 9.74 8
9.74 8.86 10.52 9.76 11.88 11.11 10.6 9.8 8
6.54 7.37 5.79 6.48 4.39 5.08 6.58 6.96 0
6.66 5.95 6.82 6.21 6.19 5.89 8.31 7.73 14
6.2 5.45 6.48 5.7 7.22 6.68 7.56 6.57 7
5.72 7.02 5.82 7.26 5.78 7.13 7.29 8.74 2
6.38 5.61 5.75 4.88 4.91 3.79 7.0 6.02 12
6.74 6.18 5.68 5.39 6.56 6.46 4.8 4.34 11
5.76 6.22 5.56 5.65 5.8 5.87 6.82 6.71 6
8.1 7.4 8.57 7.77 8.77 8.16 7.79 6.83 1
6.91 6.13 6.98 5.92 6.58 5.45 6.46 5.29 10
6.38 6.25 5.36 5.56 4.01 4.15 5.68 6.03 11
7.62 6.12 6.17 4.65 5.81 4.35 5.39 3.97 19
8.88 9.38 7.82 8.42 7.41 7.81 6.74 7.5 11
9.84 8.49 8.95 7.68 9.31 8.03 7.46 6.19 9
8.63 7.68 9.88 8.93 11.05 10.09 10.08 9.0 8
5.57 5.74 5.97 5.75 7.14 6.91 5.05 4.59 0
4.65 4.39 5.23 5.34 5.74 5.74 4.57 5.1 17
6.64 8.01 6.47 7.74 6.23 7.54 5.63 6.73 7
7.83 7.19 7.83 7.24 6.99 6.26 7.68 7.39 4
9.84 8.94 9.36 8.54 8.15 7.47 10.49 9.79 12
4.69 4.94 4.83 4.59 5.45 5.1 6.04 5.69 0
5.32 5.13 4.61 4.52 4.05 3.56 5.86 5.77 0
8.84 8.99 7.59 7.91 6.5 6.65 8.03 8.49 10
9.25 7.92 7.73 6.39 7.23 6.06 7.23 5.88 10
9.91 8.91 8.61 7.73 7.61 6.6 8.28 7.54 6
9.37 8.49 10.35 9.51 11.42 10.46 11.08 10.4 6
7.14 5.74 7.19 5.79 6.53 5.08 6.89 5.68 9
6.86 6.53 8.39 8.06 8.88 8.75 9.08 8.55 14
6.15 4.85 6.21 4.86 7.01 5.54 4.96 3.65 2
7.87 7.54 7.36 6.78 8.28 7.66 5.93 5.39 11
8.79 7.72 7.51 6.52 7.49 6.75 7.83 6.8 9
9.72 8.86 9.13 8.09 8.65 7.66 10.33 9.18 8
5.35 5.54 6.8 7.0 7.0 7.36 7.6 7.52 7
5.41 6.0 6.23 6.67 5.61 5.91 7.18 7.81 4
6.23 7.75 6.23 7.72 5.11 6.57 6.67 8.06 16
6.23 6.23 7.75 7.72 8.22 8.02 8.55 8.41 16
6.28 6.67 5.4 5.57 4.01 4.36 5.77 5.56 12
8.37 6.89 7.08 5.63 7.5 6.18 6.0 4.58 15
8.09 7.35 8.83 8.18 9.37 8.57 8.1 7.65 12
8.21 6.71 7.85 6.42 8.12 6.72 6.48 5.12 9
10.0 9.95 8.5 8.47 7.97 7.72 7.95 8.16 8
4.96 4.75 4.78 4.19 5.5 5.01 5.79 4.89 4
7.58 8.25 6.39 7.14 7.08 7.86 5.53 6.03 10
4.95 5.67 4.36 5.42 5.61 6.78 3.97 4.93 16
4.95 4.36 5.67 5.42 6.86 6.6 6.32 6.01 16
6.41 5.64 5.92 5.24 6.8 5.95 6.43 6.08 5
9.36 7.87 9.69 8.28 8.58 7.25 10.55 9.18 18
8.48 8.19 8.33 7.78 6.99 6.37 9.17 8.58 13
5.29 3.81 5.14 3.81 6.46 5.2 4.24 3.19 15
7.64 8.83 6.75 7.98 7.74 8.99 5.82 7.2 2
5.99 5.01 5.92 5.29 5.47 5.11 5.4 4.86 17
7.62 6.33 6.84 5.72 7.37 6.28 5.32 4.21 17
6.25 6.96 5.41 6.18 5.27 6.34 4.2 4.77 7
7.83 7.45 6.48 6.02 6.6 6.2 5.35 5.13 7
6.28 6.06 7.82 7.59 8.39 8.05 8.37 8.4 19
6.75 5.51 5.54 4.18 4.41 3.26 5.48 4.02 19
7.63 6.16 8.81 7.35 9.89 8.39 8.59 7.17 11
7.84 6.59 7.46 6.24 8.15 6.81 5.98 4.8 7
10.35 8.96 10.93 9.55 12.33 10.96 10.4 9.12 13
6.75 6.64 6.87 6.43 8.19 7.65 5.94 5.3 0
5.21 6.31 6.12 7.33 7.29 8.37 5.69 6.89 7
4.89 4.17 6.15 5.41 7.29 6.44 6.59 6.17 11
7.8 6.99 8.38 7.35 7.83 6.64 9.84 8.8 8
6.6 5.41 7.75 6.58 7.55 6.37 8.98 7.71 11
13.1 12.2 11.91 11.11 12.03 11.3 10.59 9.72 4
10.1 8.95 10.53 9.3 11.92 10.71 9.85 8.68 18
7.47 7.65 7.06 7.53 8.13 8.72 5.73 6.35 9
7.57 6.77 6.67 5.66 7.64 6.49 5.71 4.83 12
8.55 7.29 8.09 7.02 9.08 8.07 8.35 7.42 3
6.38 6.4 5.58 5.32 6.65 6.18 5.19 4.71 19
5.53 5.92 6.38 6.98 5.79 6.63 7.23 7.65 19
4.96 3.9 4.82 3.52 3.62 2.21 5.39 4.3 5
6.68 6.2 8.15 7.54 8.93 8.44 8.92 8.35 8
6.37 6.55 6.07 6.05 4.71 4.64 6.99 6.66 19
7.93 7.76 8.06 7.68 9.45 8.99 7.34 6.71 17
8.19 6.73 7.05 5.62 7.81 6.45 6.29 4.99 9
9.95 8.98 8.63 7.72 7.54 6.56 8.83 7.85 9
7.06 7.06 5.56 5.63 5.49 5.36 4.86 4.78 19
6.9 8.08 5.82 7.1 6.6 7.89 4.68 5.83 0
5.41 4.89 5.67 4.81 5.06 3.92 5.65 4.92 9
6.64 8.09 6.67 8.19 6.67 8.19 5.75 7.27 16
6.64 6.67 8.09 8.19 8.3 8.64 8.76 8.83 16
7.22 6.97 6.59 6.32 6.85 6.86 5.16 4.8 5
10.24 8.91 10.1 8.75 8.77 7.43 11.02 9.75 13
5.42 5.59 6.39 6.21 7.65 7.56 6.8 6.48 13
6.27 6.97 5.09 5.93 3.85 4.66 5.35 6.0 0
6.93 6.52 5.42 5.1 5.07 5.1 4.83 4.14 0
7.0 6.58 6.45 5.74 7.39 6.5 5.03 4.29 0
5.32 6.63 5.6 7.04 6.91 8.38 4.76 6.29 16
5.32 5.6 6.63 7.04 7.15 7.47 7.77 8.07 16
4.04 4.4 4.97 5.66 6.29 6.81 5.21 6.08 2
7.11 7.47 7.51 7.63 8.86 8.9 7.69 7.92 12
5.66 4.54 6.03 4.69 6.37 4.92 5.2 3.86 2
9.02 7.84 8.59 7.4 7.84 6.53 7.98 6.98 8
6.99 5.77 5.88 4.86 6.22 5.31 4.49 3.37 0
7.37 6.85 5.88 5.32 5.49 4.85 5.23 5.05 1
10.72 9.47 9.5 8.26 8.84 7.48 8.65 7.55 14
5.08 4.38 4.2 3.96 4.17 4.16 5.25 5.23 0
6.68 5.47 6.61 5.54 5.96 5.16 6.24 5.08 5
7.47 6.65 7.76 6.68 9.06 7.96 6.85 5.65 16
7.47 7.76 6.65 6.68 6.1 6.08 5.75 5.81 16
6.81 7.77 6.46 7.22 5.25 6.06 7.64 8.37 19
5.01 5.69 4.41 5.05 3.32 3.7 4.43 5.39 0
10.65 9.17 10.07 8.55 8.95 7.43 9.81 8.33 3
7.84 7.16 9.24 8.64 10.25 9.51 9.66 9.15 14
5.29 5.52 6.43 6.67 6.21 6.38 7.61 7.63 0
6.95 7.0 6.75 6.46 6.02 5.65 8.17 7.75 7
7.28 6.33 6.84 6.1 6.4 5.94 5.99 5.18 3
7.4 6.88 6.86 6.1 7.37 6.66 7.69 6.7 18
6.81 5.68 6.63 5.48 7.97 6.77 6.36 5.48 9
11.04 9.8 9.5 8.26 9.18 7.88 9.0 7.93 6
8.49 7.03 7.26 5.86 7.35 5.98 5.99 4.55 17
8.06 6.93 7.39 6.38 5.97 4.95 8.13 7.07 17
13.13 12.2 12.16 11.23 11.79 10.73 10.98 10.16 14
8.16 7.21 6.83 5.97 5.82 4.79 6.65 6.1 11
11.1 10.39 10.13 9.27 10.1 9.22 10.82 9.82 18
7.59 7.64 7.32 7.07 8.12 7.73 8.05 7.72 7
5.91 6.21 6.07 6.72 7.35 8.0 6.4 7.15 7
4.62 5.0 4.44 4.35 5.83 5.55 3.85 3.48 17
6.32 6.35 6.64 7.0 7.87 8.18 5.69 6.25 15
8.74 7.6 7.3 6.16 7.49 6.28 6.48 5.25 15
9.12 9.09 7.66 7.68 6.86 6.96 7.38 7.12 10
7.65 7.08 8.79 8.26 8.51 7.97 9.39 9.08 2
7.02 6.36 5.55 4.89 5.11 4.85 5.73 4.9 11
6.93 5.56 5.49 4.11 4.93 3.45 4.9 3.81 11
8.71 7.6 7.91 6.83 8.04 7.18 8.74 7.58 13
6.64 5.48 5.55 4.36 6.41 5.21 4.72 3.85 13
6.56 6.35 5.8 5.57 6.56 6.05 4.32 4.06 0
5.52 5.44 4.57 4.49 3.27 3.5 5.4 5.52 12
7.18 5.81 5.69 4.38 5.51 4.22 4.94 3.54 12
5.11 5.45 5.24 5.71 4.13 4.79 6.34 7.02 11
9.51 8.14 8.92 7.54 7.54 6.13 9.23 7.98 17
5.89 5.73 4.9 4.67 3.54 3.39 5.5 4.85 15
5.12 6.6 4.18 5.71 3.62 5.09 5.29 6.79 2
4.71 5.24 4.7 5.18 5.13 5.92 5.98 6.2 12
8.92 7.77 7.98 6.73 8.85 7.49 7.68 6.56 16
8.92 7.98 7.77 6.73 7.16 6.01 8.52 7.36 16
6.44 5.43 6.01 4.77 7.24 5.89 4.98 3.62 15
11.21 10.32 11.43 10.52 12.71 11.72 10.41 9.41 14
10.39 9.33 10.59 9.41 11.88 10.64 9.59 8.3 8
4.55 4.23 6.07 5.75 6.64 6.53 6.63 6.42 0
4.79 5.83 5.78 6.69 6.38 7.03 5.45 6.32 8
5.22 6.58 5.28 6.61 6.12 7.53 4.06 5.33 15
6.61 7.18 5.86 6.15 6.0 6.26 4.47 4.78 2
8.51 7.5 8.39 7.21 8.03 6.71 7.59 6.47 13
6.92 6.83 6.93 6.5 7.86 7.35 5.62 5.05 0
5.8 6.73 6.39 7.55 7.0 8.22 5.6 6.89 19
4.15 4.27 4.93 4.61 4.89 4.19 4.95 4.62 5
8.87 7.68 8.81 7.47 9.76 8.43 9.43 8.02 14
12.06 11.17 10.74 9.89 10.82 10.14 9.55 8.68 4
8.26 7.92 6.87 6.44 6.13 5.75 7.2 6.47 9
7.41 6.37 6.93 5.77 8.09 6.94 6.87 5.51 19
5.2 4.87 5.92 5.94 6.98 6.91 6.78 6.85 5
5.44 6.1 5.59 5.88 5.96 6.23 6.91 7.06 9
6.21 7.34 6.41 7.73 5.96 7.3 7.93 9.25 14
7.72 7.39 7.21 6.67 6.19 5.49 8.44 7.73 18
5.42 6.4 4.16 4.98 4.21 4.73 4.69 5.27 14
5.32 5.94 5.29 6.09 6.55 7.24 5.56 6.66 4
4.22 5.23 4.98 5.86 6.35 7.22 4.91 5.41 8
7.91 7.12 6.87 6.18 6.82 5.92 7.61 7.13 9
7.09 6.72 5.6 5.22 5.16 5.16 5.02 4.53 9
6.2 7.36 5.02 6.26 3.77 4.99 5.39 6.81 14
6.3 7.81 5.82 7.25 4.56 5.96 6.04 7.42 5
5.73 6.06 5.18 5.22 4.69 4.92 4.42 4.17 8
5.76 7.14 6.08 7.56 6.32 7.74 5.26 6.8 16
5.76 6.08 7.14 7.56 8.18 8.43 7.57 8.0 16
6.49 6.81 6.94 7.51 7.86 8.55 5.93 6.71 9
8.36 6.98 7.84 6.47 8.55 7.31 6.33 4.99 17
5.72 6.49 6.28 7.1 7.18 8.17 5.4 6.25 3
10.74 9.37 9.84 8.45 8.47 7.07 10.42 8.96 3
5.76 5.23 6.26 5.91 6.96 6.86 7.43 6.89 14
5.58 7.06 5.13 6.47 5.32 6.54 6.32 7.57 18
5.55 6.05 4.53 4.79 4.0 4.04 5.54 5.48 12
6.15 6.97 5.95 6.97 5.09 6.32 7.35 8.44 17
8.06 7.84 7.67 7.23 6.33 5.82 8.68 8.03 17
6.71 6.72 6.69 6.73 6.86 7.21 5.61 5.51 11
6.24 6.72 5.39 5.68 5.08 5.59 4.31 4.42 2
8.3 8.03 7.44 7.25 6.43 6.05 7.03 7.15 12
8.43 7.24 8.73 7.69 10.11 9.04 7.97 6.96 9
5.55 5.84 6.58 7.11 7.68 8.14 6.22 7.05 19
4.79 5.37 5.21 5.42 6.63 6.8 4.86 4.67 10
5.35 6.56 5.51 6.9 6.73 8.09 5.99 7.46 12
7.04 6.8 6.35 5.9 7.13 6.41 6.76 6.43 4
8.0 6.58 6.78 5.44 7.42 6.25 5.93 4.68 17
9.14 9.53 7.62 8.01 7.54 7.79 7.05 7.71 11
8.82 7.99 7.53 6.62 7.02 5.95 6.63 5.97 16
8.82 7.53 7.99 6.62 8.84 7.39 6.66 5.25 16
6.23 5.8 5.5 4.99 4.1 3.57 5.91 5.7 4
5.37 6.26 5.59 6.7 4.65 5.8 6.03 7.32 8
5.56 6.01 4.05 4.64 3.56 3.77 4.12 5.08 6
6.09 5.81 4.9 4.83 4.31 4.59 4.15 3.73 18
8.62 7.76 9.46 8.53 9.29 8.5 10.93 10.01 14
6.11 5.97 6.97 6.61 8.32 7.95 6.75 6.07 4
4.06 4.89 5.38 6.34 6.43 7.18 6.02 7.1 4
6.17 4.79 6.0 4.62 6.76 5.55 6.9 5.45 9
8.66 7.7 7.88 6.78 6.47 5.42 8.53 7.46 4
5.37 5.68 6.06 6.12 7.42 7.43 5.68 5.37 7
5.78 7.29 5.88 7.35 7.25 8.69 5.88 7.34 6
5.37 6.01 4.46 5.08 5.41 5.77 4.44 5.41 12
7.52 6.15 6.69 5.28 7.57 6.11 5.36 3.89 0
7.75 8.9 6.71 7.8 6.37 7.24 5.61 6.85 14
5.53 5.1 5.0 4.54 4.33 3.51 4.48 4.47 14
7.58 6.07 9.04 7.54 9.76 8.3 9.26 7.8 15
7.28 5.97 8.66 7.31 8.66 7.28 9.49 8.26 14
7.41 7.7 8.49 8.63 9.46 9.47 9.35 9.65 14
9.28 8.34 8.27 7.26 8.16 6.95 9.01 8.03 16
9.28 8.27 8.34 7.26 8.79 7.81 6.87 5.84 16
6.34 6.91 5.21 5.57 5.91 6.02 5.06 5.19 4
6.64 5.16 7.29 5.93 8.65 7.26 7.49 6.26 1
7.94 8.5 7.33 8.14 7.47 8.36 5.94 6.79 9
5.79 6.69 5.06 5.81 4.55 4.98 4.24 5.22 2
5.64 6.61 5.94 7.02 5.77 7.06 5.46 6.38 0
5.09 6.26 3.82 4.83 3.59 4.45 4.51 5.16 8
4.8 5.88 4.16 5.47 5.14 6.43 4.55 6.0 3
4.07 5.14 4.17 5.08 5.59 6.43 3.78 4.25 16
4.07 4.17 5.14 5.08 5.06 4.66 5.6 5.85 16
5.59 5.44 6.6 6.71 7.91 7.86 6.7 7.02 2
5.46 5.35 5.77 5.24 6.37 5.84 4.76 3.96 15
4.73 5.82 5.3 6.15 5.16 5.69 5.12 5.99 15
5.82 5.83 7.09 7.22 7.16 7.59 7.5 7.55 17
10.19 9.15 9.28 8.22 8.32 7.41 8.72 7.5 6
7.32 6.52 7.03 5.98 7.02 6.02 5.89 4.72 17
4.23 3.66 5.45 4.7 5.7 4.61 5.69 5.15 5
5.54 5.18 6.43 6.36 7.53 7.32 7.2 7.22 17
6.25 6.77 6.95 7.54 7.34 7.7 8.31 8.98 7
5.66 5.15 5.45 4.7 5.66 5.14 6.74 5.78 13
8.95 7.71 8.51 7.12 9.61 8.18 7.25 5.85 13
5.45 5.52 4.93 4.62 4.14 3.64 6.26 5.69 15
8.39 7.22 7.64 6.37 8.05 6.87 6.14 4.87 3
4.91 5.84 5.32 6.53 6.04 7.28 4.4 5.78 17
6.61 6.62 6.66 6.31 8.06 7.63 6.06 5.64 16
6.61 6.66 6.62 6.31 8.01 7.6 6.33 5.96 16
5.33 6.29 5.87 7.07 7.1 8.28 5.11 6.48 9
3.99 4.41 4.56 4.49 5.15 4.8 3.9 3.58 16
3.99 4.56 4.41 4.49 4.23 3.9 4.27 4.3 16
5.35 6.25 5.81 6.98 7.17 8.3 5.18 6.49 17
6.23 7.22 5.83 6.99 4.88 6.21 7.15 8.39 16
6.23 5.83 7.22 6.99 7.69 7.32 6.87 6.97 16
8.23 7.95 7.74 7.32 6.37 5.9 8.68 8.03 9
6.98 6.42 6.88 6.55 7.88 7.72 5.56 5.44 11
8.83 8.49 8.15 7.59 9.08 8.42 6.79 6.29 12
8.66 7.21 8.66 7.32 10.05 8.73 8.07 6.77 19
5.25 6.17 5.43 6.62 5.13 6.46 6.94 8.13 3
6.47 7.58 6.58 7.89 5.56 6.95 7.89 9.21 2
7.78 7.52 7.18 6.76 5.8 5.34 8.07 7.39 10
6.2 5.05 6.5 5.12 6.43 5.06 7.99 6.6 15
4.94 5.34 5.19 5.89 4.15 5.1 6.05 6.6 0
5.04 6.22 4.51 5.87 3.54 5.02 4.39 5.58 5
6.75 7.28 5.67 6.34 4.36 4.96 5.94 6.91 9
5.98 5.2 4.54 3.87 3.9 3.52 4.83 4.5 9
5.94 5.45 4.55 4.31 4.36 4.14 3.63 3.2 5
8.59 8.08 7.08 6.65 6.5 5.81 7.01 6.81 11
6.85 7.19 5.38 5.84 5.31 5.7 4.56 4.79 9
7.83 6.47 6.74 5.41 7.43 6.09 6.57 5.46 14
5.41 5.29 6.22 5.79 6.2 5.8 6.13 5.35 7
5.02 5.68 5.7 5.98 5.03 4.99 6.4 6.64 19
5.31 4.87 5.81 4.97 6.06 5.05 5.17 4.2 17
8.67 8.33 8.53 7.95 9.49 8.89 7.17 6.53 17
5.41 3.96 6.76 5.27 7.46 5.95 7.77 6.35 12
13.27 13.14 12.37 12.16 11.52 11.43 11.64 11.28 19
8.36 7.8 7.46 6.7 6.07 5.39 8.03 7.06 7
9.14 7.88 7.62 6.36 7.42 6.22 6.95 5.86 11
7.68 7.64 7.02 6.71 6.78 6.33 8.17 7.69 17
4.72 5.59 4.35 4.88 5.5 5.95 4.7 4.85 1
5.51 5.32 6.04 6.21 7.44 7.53 6.06 6.45 7
6.09 4.62 7.6 6.12 8.4 6.94 8.12 6.74 19
8.78 7.6 7.42 6.17 7.07 5.91 7.79 6.38 17
4.79 4.6 5.38 5.02 5.1 4.38 5.38 5.33 11
4.69 6.15 4.51 5.99 4.71 6.21 3.46 4.82 13
5.95 5.29 4.84 3.98 5.09 4.31 3.47 2.82 15
7.21 5.7 6.95 5.48 6.03 4.56 6.74 5.41 7
6.69 5.46 8.22 6.95 8.66 7.27 8.95 7.75 8
8.26 8.25 8.4 8.1 7.78 7.39 9.89 9.53 9
5.92 6.55 6.05 6.34 4.89 5.0 7.0 7.25 7
5.63 7.04 5.61 7.04 4.69 6.17 5.72 7.0 0
5.64 4.95 4.94 4.28 4.47 4.27 4.11 3.12 5
9.27 8.7 7.87 7.36 6.97 6.57 7.56 6.81 11
10.19 8.75 8.75 7.32 8.11 6.61 8.94 7.56 9
5.27 6.19 5.6 6.2 7.01 7.61 5.53 5.83 14
5.83 5.44 6.88 6.72 8.15 7.84 6.78 6.84 1
7.75 7.96 6.89 7.34 7.74 8.39 5.56 6.08 11
8.03 7.02 6.54 5.56 6.62 5.74 6.05 4.82 15
9.58 8.91 8.27 7.61 8.45 7.97 7.08 6.49 3
10.09 9.09 8.64 7.6 8.04 7.17 7.99 6.93 11
10.86 9.42 9.95 8.53 8.95 7.47 10.9 9.48 11
8.85 8.34 7.45 6.95 6.86 6.65 7.76 7.24 11
8.05 9.24 6.82 8.13 5.64 6.86 7.22 8.58 15
6.86 5.74 5.78 4.89 4.66 3.81 5.59 4.73 15
7.37 6.02 8.21 6.85 8.09 6.87 8.12 6.67 2
9.86 8.81 9.14 8.18 9.96 9.16 7.72 6.84 7
7.35 6.25 7.05 6.09 7.56 6.84 5.63 4.72 17
7.02 5.91 5.8 4.55 5.11 3.93 5.1 3.98 2
10.31 9.13 9.12 7.95 7.99 6.75 9.62 8.39 15
9.07 8.21 8.06 7.06 8.16 6.99 6.67 5.8 9
5.84 5.33 6.36 6.15 5.68 5.63 6.7 6.74 12
5.23 5.71 5.36 6.04 5.19 6.19 4.78 5.3 9
9.82 8.8 8.73 7.86 7.49 6.55 8.69 7.96 9
6.89 5.56 5.89 4.47 4.85 3.57 5.56 4.07 0
9.62 9.62 8.61 8.72 7.97 8.3 7.7 7.62 4
9.58 9.16 8.54 8.17 7.75 7.18 7.8 7.69 4
5.81 4.65 4.91 3.55 4.3 2.92 6.02 4.55 15
9.02 8.61 8.09 7.91 6.71 6.48 8.62 8.52 14
11.73 10.21 11.17 9.65 9.83 8.31 11.32 9.81 3
10.37 9.41 10.64 9.61 9.61 8.5 11.0 10.11 14
5.14 4.6 6.54 5.78 6.92 6.01 6.89 5.98 3
6.85 5.92 6.61 5.42 6.82 5.58 5.38 4.12 4
5.68 6.09 6.31 6.93 6.56 7.43 5.75 6.41 5
13.26 12.48 11.78 11.01 10.98 10.19 11.54 10.93 4
6.84 7.15 5.62 6.08 4.42 4.77 5.83 6.62 0
6.19 5.65 5.59 5.36 4.44 4.17 5.55 5.66 15
9.09 8.61 7.58 7.08 7.32 6.92 7.43 6.64 4
7.4 7.72 6.18 6.65 6.31 7.07 6.57 6.96 9
7.77 6.26 6.87 5.38 6.02 4.63 7.9 6.47 17
10.98 9.76 9.6 8.39 8.59 7.39 9.61 8.55 9
4.64 4.49 5.75 5.48 6.03 5.39 5.8 5.75 19
8.81 7.62 9.95 8.67 10.99 9.77 9.63 8.27 3
6.76 6.32 5.55 4.99 4.45 4.21 5.44 4.53 5
7.75 6.61 7.21 6.11 5.81 4.7 8.06 6.85 0
8.42 6.97 9.9 8.47 10.76 9.28 10.44 9.08 14
8.47 8.6 6.96 7.13 6.39 6.73 6.55 6.4 7
8.32 7.14 6.98 5.79 7.06 5.7 5.83 4.73 7
7.74 7.93 6.84 7.26 7.6 8.06 5.45 5.79 4
8.9 7.48 7.54 6.09 7.05 5.57 7.95 6.47 13
9.46 7.97 8.33 6.9 9.06 7.73 7.71 6.33 7
6.98 6.56 7.98 7.36 8.13 7.28 9.37 8.83 10
4.64 4.26 5.18 5.15 6.59 6.45 5.18 5.54 10
6.83 6.3 6.03 5.23 7.11 6.1 5.16 4.4 11
6.22 5.6 7.75 7.07 8.48 7.98 8.25 7.6 7
7.15 6.13 7.37 6.12 8.26 6.94 6.18 4.82 7
9.62 8.43 9.45 8.29 9.59 8.31 8.21 7.18 10
8.54 7.53 8.83 7.67 9.92 8.83 9.45 8.16 9
7.31 5.9 6.35 4.88 4.98 3.52 6.9 5.38 2
9.05 8.44 8.64 8.28 7.23 6.95 9.44 9.22 19
10.0 9.28 11.51 10.81 11.88 11.35 12.35 11.55 19
8.62 7.61 8.81 7.79 7.85 6.97 10.17 9.22 2
11.19 10.94 10.23 10.06 11.07 11.01 9.09 9.06 19
8.72 8.33 7.65 7.49 6.57 6.33 8.43 8.46 2
6.63 6.76 5.31 5.56 4.23 4.38 5.52 5.59 3
6.49 5.04 5.11 3.62 5.18 3.68 5.27 3.86 0
8.48 9.15 7.03 7.67 7.22 7.64 6.33 6.88 7
9.26 8.04 8.3 7.08 9.17 8.01 7.89 6.52 9
7.21 7.21 7.74 7.67 7.17 7.28 7.83 7.47 19
9.13 7.6 9.29 7.82 8.11 6.69 9.95 8.52 10
7.62 7.81 8.26 8.18 9.02 8.87 7.4 7.09 13
6.21 6.3 6.24 6.01 5.97 5.46 5.58 5.39 3
4.99 6.15 5.92 7.18 5.97 7.11 5.92 7.34 13
5.0 4.35 6.35 5.78 7.11 6.7 6.41 6.05 0
7.31 6.26 6.58 5.42 7.64 6.37 6.28 5.36 15
8.72 7.4 8.38 7.01 9.54 8.11 7.16 5.71 9
5.4 4.62 4.16 3.71 4.9 4.8 3.52 2.94 0
6.45 6.33 6.14 5.67 6.32 5.78 4.91 4.33 19
6.04 6.82 6.47 7.48 6.41 7.6 5.97 6.98 12
6.0 6.49 4.64 5.35 4.04 4.78 5.18 6.18 12
3.96 4.36 4.53 4.5 4.01 3.53 4.98 5.06 14
6.06 6.16 4.98 5.09 3.67 3.96 5.26 4.97 14
5.5 5.66 6.78 7.1 6.69 7.31 7.56 7.77 17
7.38 8.43 6.91 7.91 5.52 6.56 7.8 8.89 17
9.15 7.68 8.91 7.45 9.22 7.86 7.55 6.09 18
8.8 8.93 8.51 8.5 7.49 7.31 8.35 8.51 4
8.07 7.24 6.81 5.88 6.05 5.04 6.16 5.48 5
9.02 7.67 7.72 6.37 8.22 6.91 7.15 5.67 7
9.55 9.2 9.01 8.68 7.79 7.35 8.97 8.89 4
7.31 6.24 7.05 6.1 6.67 5.6 6.23 5.57 9
10.2 9.01 9.86 8.54 10.08 8.71 8.51 7.17 9
11.15 10.39 10.72 9.8 11.72 10.7 10.91 9.98 4
6.5 6.36 6.48 6.41 5.96 6.22 7.96 7.88 3
6.41 5.86 4.93 4.39 4.88 4.61 4.9 3.93 3
7.57 6.11 6.76 5.27 6.57 5.05 7.79 6.34 1
7.31 5.83 8.72 7.25 9.56 8.04 8.82 7.42 9
9.29 8.15 8.61 7.35 8.12 6.77 7.62 6.45 13
6.21 5.6 6.05 5.1 6.45 5.48 4.79 3.71 15
5.47 6.29 5.93 7.02 5.92 7.14 5.48 6.64 9
4.62 5.49 5.21 5.74 4.6 4.77 5.71 6.27 17
5.85 5.93 5.58 5.27 4.27 3.89 6.62 6.18 11
9.26 8.43 8.88 8.12 7.95 7.38 8.52 7.58 3
6.36 6.75 6.63 6.72 8.06 8.1 6.16 5.96 9
6.9 6.24 7.8 7.28 9.08 8.42 7.42 6.92 19
11.38 9.87 10.29 8.77 10.69 9.16 10.45 8.95 8
7.09 7.0 6.64 6.63 7.89 7.93 5.71 6.01 12
5.09 4.84 5.0 4.57 6.38 5.93 4.85 3.97 17
5.32 6.66 4.73 6.19 5.53 6.91 5.37 6.91 17
6.36 5.5 7.88 6.99 8.27 7.42 8.64 7.92 17
6.1 5.66 4.79 4.18 4.66 3.96 5.29 4.34 15
7.54 8.54 6.85 8.03 5.43 6.61 7.32 8.63 15
7.17 6.27 7.51 6.77 8.8 7.98 7.81 7.33 19
7.91 6.59 7.26 6.04 7.96 6.72 7.76 6.76 3
9.67 9.18 10.6 9.95 9.96 9.18 11.58 11.02 14
6.41 5.04 7.8 6.49 8.07 6.9 8.91 7.51 11
7.3 8.07 7.22 7.99 7.68 8.64 5.93 6.63 3
9.49 8.4 8.31 7.13 7.2 6.06 8.88 7.55 14
4.79 4.79 5.47 5.71 6.22 6.22 4.78 5.34 14
5.92 6.66 6.92 7.86 6.51 7.66 7.61 8.53 7
4.64 4.32 5.24 4.46 5.05 4.05 5.16 4.26 16
4.64 5.24 4.32 4.46 5.19 5.18 5.14 5.04 16
7.0 6.46 7.13 6.28 7.93 7.03 5.89 4.89 15
5.08 4.93 5.84 5.29 7.15 6.62 5.42 4.56 15
4.78 3.91 6.05 5.34 7.16 6.23 6.58 6.09 0
5.57 6.0 5.53 6.0 4.45 4.8 6.81 7.09 14
7.03 8.54 6.11 7.6 4.93 6.38 7.02 8.43 11
4.62 5.13 4.38 4.44 5.27 5.27 5.21 4.98 17
7.84 7.4 6.72 6.46 7.25 7.27 5.39 5.15 7
6.51 7.87 5.25 6.55 5.02 6.13 4.19 5.63 0
5.72 4.96 5.07 4.68 4.28 4.17 4.6 4.2 0
7.63 9.11 7.22 8.62 5.93 7.33 7.47 8.77 0
7.94 6.46 7.23 5.7 8.17 6.65 5.89 4.37 18
5.13 4.99 4.22 4.52 5.21 5.74 4.13 4.55 15
7.5 7.77 6.59 7.11 6.11 6.58 7.6 8.32 16
7.5 6.59 7.77 7.11 6.66 6.21 8.54 7.88 16
6.66 6.19 7.03 6.54 6.97 6.76 8.53 7.95 11
5.58 4.87 6.97 6.27 7.34 6.91 8.08 7.28 4
5.95 5.45 6.46 6.27 7.55 7.28 7.22 7.17 0
5.64 4.7 6.91 5.85 8.03 7.08 7.41 6.14 0
4.64 3.98 5.68 4.69 5.35 4.08 6.52 5.58 0
6.08 5.66 7.62 7.17 8.24 7.54 8.25 7.94 0
6.42 5.73 7.71 6.83 8.48 7.58 7.62 6.53 5
5.64 5.93 6.58 7.0 7.7 7.92 7.3 7.95 8
6.01 5.41 6.07 5.13 7.07 6.02 6.82 5.85 18
9.45 8.54 8.43 7.58 7.08 6.23 8.82 8.2 4
7.33 6.16 8.21 6.89 7.58 6.15 9.13 7.86 7
5.9 4.81 5.85 4.49 5.24 3.83 5.5 4.17 13
6.83 6.03 7.23 6.4 7.96 7.35 6.19 5.36 17
8.09 6.61 7.48 5.98 7.55 6.03 6.13 4.68 2
9.06 7.66 8.49 7.18 9.47 8.27 7.13 5.9 19
11.4 10.36 10.26 9.14 10.65 9.4 8.92 7.85 4
7.42 6.95 6.1 5.83 6.55 6.53 5.75 5.65 7
6.85 7.97 5.35 6.45 4.89 5.86 5.39 6.28 14
5.94 5.87 4.88 5.1 3.62 3.89 5.58 6.14 11
4.97 6.16 4.35 5.26 4.27 5.13 5.58 6.26 0
6.08 6.88 7.17 8.14 6.86 8.03 7.88 8.81 9
4.77 4.49 5.47 4.77 5.32 4.35 5.45 4.69 19
6.0 7.23 6.79 8.16 7.36 8.77 6.18 7.64 17
7.1 6.63 7.1 6.36 7.71 7.03 5.81 4.93 16
7.1 7.1 6.63 6.36 6.91 6.7 5.24 4.88 16
6.0 6.35 5.78 6.48 5.4 6.13 5.08 5.97 7
5.45 5.81 4.61 4.63 3.45 3.61 4.58 4.41 15
5.61 5.99 6.61 7.21 6.26 7.14 7.17 7.7 17
4.48 4.27 4.81 4.12 4.53 3.54 4.6 3.9 15
5.94 7.08 6.34 7.67 6.83 8.17 5.42 6.86 9
7.56 7.07 7.25 6.49 7.87 7.11 5.8 4.97 17
8.46 7.15 8.73 7.58 10.02 8.86 8.99 7.96 4
6.93 6.69 6.12 5.82 7.09 6.59 6.02 6.05 4
9.9 8.39 8.64 7.15 7.71 6.2 8.15 6.73 4
8.42 6.97 7.65 6.29 8.67 7.41 6.53 5.24 11
9.11 9.08 7.85 7.69 8.29 7.97 6.72 6.78 13
6.68 5.37 6.46 5.09 6.25 4.76 7.85 6.51 13
4.57 5.43 5.96 6.89 6.53 7.64 6.19 7.16 17
5.07 4.69 5.72 4.93 6.51 5.7 4.96 3.88 0
5.01 4.35 6.43 5.59 7.29 6.62 7.22 6.35 15
5.74 4.73 6.91 5.78 7.12 5.79 8.22 7.15 5
7.65 6.12 9.03 7.5 9.08 7.58 9.71 8.21 19
7.01 6.29 6.1 5.48 6.74 6.39 4.64 4.14 9
6.37 7.78 5.41 6.89 5.25 6.62 4.2 5.71 17
4.84 5.42 4.51 4.65 3.62 3.68 4.45 4.39 19
5.39 6.25 5.17 5.75 3.86 4.38 6.1 6.71 13
7.77 7.41 6.37 6.13 6.69 6.69 5.71 5.66 7
7.18 8.03 5.66 6.55 5.11 5.87 5.45 6.17 15
6.03 4.8 4.92 3.79 3.73 2.78 5.64 4.79 5
4.63 4.8 4.41 4.11 4.47 3.86 5.79 5.37 4
8.31 8.05 8.89 8.76 9.67 9.39 9.95 9.96 4
5.84 7.07 5.57 6.66 5.74 6.91 6.84 7.77 5
4.67 5.37 4.31 4.62 5.31 5.58 4.91 4.85 14
6.3 6.54 6.67 7.2 8.0 8.47 6.94 7.66 15
5.8 6.29 6.78 7.28 7.96 8.56 6.41 7.07 15
5.47 5.07 5.6 5.03 6.68 5.87 4.45 3.76 14
7.67 9.11 7.13 8.55 8.2 9.54 5.85 7.2 19
7.68 7.06 6.56 5.95 7.34 6.77 5.63 5.34 14
4.73 3.27 5.1 3.82 6.01 4.84 6.12 4.82 5
8.37 7.77 9.09 8.64 10.32 9.91 9.59 9.01 19
4.91 5.75 6.43 7.19 7.15 7.85 7.17 8.13 2
6.01 6.73 7.22 7.89 8.39 9.0 7.24 7.67 4
4.74 4.7 5.29 4.88 6.71 6.3 5.2 4.39 7
5.49 5.84 5.97 6.63 7.09 7.64 6.72 7.52 4
4.07 4.25 4.9 5.4 4.74 5.6 5.12 5.61 2
8.01 7.36 8.67 7.98 7.84 7.17 9.51 8.61 16
8.01 8.67 7.36 7.98 6.97 7.81 6.33 6.75 16
8.46 7.43 7.9 7.05 6.49 5.66 8.36 7.74 13
5.51 5.23 5.11 4.63 4.49 4.33 4.6 3.72 19
4.46 5.82 5.18 6.61 4.95 6.26 5.31 6.82 5
5.95 7.02 7.07 8.28 7.56 8.75 6.89 8.26 9
7.76 7.42 8.38 7.77 9.07 8.44 7.51 6.69 17
7.56 7.28 6.58 6.58 7.02 7.23 5.12 5.07 17
7.84 8.54 6.71 7.59 7.44 8.5 5.67 6.59 9
7.58 7.75 7.2 7.06 6.49 6.28 6.62 6.43 9
5.91 6.21 6.09 6.72 5.22 6.09 6.31 6.95 4
4.88 5.4 4.84 4.92 3.64 3.54 5.85 5.86 11
10.29 9.06 10.36 9.02 11.1 9.71 9.04 7.66 9
8.0 6.48 6.7 5.21 7.12 5.75 6.44 5.02 9
10.32 9.2 9.08 8.03 9.34 8.29 7.82 6.69 7
6.18 7.16 6.01 6.7 5.11 5.66 5.94 6.53 9
4.39 4.43 4.37 3.92 3.2 2.53 5.27 4.81 5
7.24 5.88 5.76 4.43 5.15 3.67 5.89 4.66 16
7.24 5.76 5.88 4.43 4.98 3.61 5.58 4.09 16
10.88 10.44 9.54 9.22 9.07 8.69 8.6 8.27 4
9.61 9.84 9.45 9.5 8.13 8.1 10.01 10.1 18
10.28 9.81 9.15 8.84 7.9 7.5 9.59 9.41 4
8.17 9.69 7.08 8.57 5.79 7.3 7.58 9.01 0
6.6 5.21 6.2 5.0 4.83 3.75 7.16 6.1 12
7.61 8.9 6.3 7.62 6.38 7.57 5.12 6.43 19
5.43 4.56 4.18 3.22 3.5 2.31 3.61 3.19 5
8.21 8.32 7.14 7.41 5.91 6.05 7.11 7.67 9
5.28 5.61 6.41 6.9 7.22 7.53 7.45 8.0 0
5.73 6.8 5.98 6.9 6.61 7.66 7.16 7.9 7
4.2 4.8 3.91 4.69 3.73 4.14 5.34 6.16 5
6.0 6.02 4.74 4.57 4.11 4.2 5.44 4.86 13
9.13 8.15 8.1 7.02 7.98 7.05 8.82 7.58 14
6.25 5.46 7.27 6.4 6.86 5.89 8.0 7.35 5
4.71 4.4 5.31 4.55 5.0 3.99 5.36 4.53 9
5.83 6.84 6.68 7.89 7.16 8.38 6.2 7.56 17
7.66 7.35 7.91 7.3 8.55 7.93 6.75 5.98 7
7.51 7.1 6.28 5.71 5.09 4.74 6.63 5.77 7
4.78 4.67 5.31 4.74 6.73 6.16 5.12 4.29 9
5.94 5.82 6.6 6.18 7.79 7.28 7.22 6.91 11
6.1 5.59 7.42 7.03 8.35 7.95 8.21 7.67 16
6.1 7.42 5.59 7.03 4.2 5.68 6.49 8.01 16
8.76 7.9 7.7 7.05 8.29 7.83 6.35 5.65 19
4.98 6.46 5.38 6.9 4.47 5.95 6.15 7.67 11
4.73 5.26 4.57 4.64 3.97 3.86 4.31 4.21 15
5.63 6.79 5.59 6.95 5.93 7.27 4.46 5.92 14
7.13 6.78 6.53 6.01 7.2 6.8 5.01 4.55 17
11.34 11.17 10.38 10.05 9.41 9.14 9.81 9.45 8
8.31 7.84 6.92 6.62 7.29 7.27 6.25 5.94 9
7.04 5.55 5.57 4.12 5.33 3.95 5.67 4.41 5
6.29 6.35 6.26 6.03 7.04 6.89 4.95 4.6 14
4.66 6.11 4.97 6.45 5.15 6.49 4.29 5.77 19
4.28 5.31 5.26 6.09 5.07 5.56 5.71 6.66 0
7.61 6.62 7.6 6.88 6.35 5.79 8.29 7.67 5
7.67 7.49 7.44 6.99 6.39 5.96 7.4 6.74 8
5.32 5.56 6.4 6.88 7.53 7.92 7.06 7.49 14
5.45 6.69 6.07 7.14 6.73 7.86 7.3 8.26 19
6.04 7.5 5.94 7.39 5.84 7.15 7.36 8.81 0
5.81 5.48 4.77 4.22 4.56 3.71 5.68 4.95 2
4.24 4.36 5.1 4.81 4.85 4.15 5.46 5.24 14
10.04 9.27 8.95 8.33 9.37 8.84 9.09 8.67 18
5.11 5.79 5.33 5.6 6.26 6.39 6.26 6.49 4
4.97 5.5 5.52 5.68 6.63 6.86 6.31 6.25 15
6.33 6.48 7.35 7.72 8.62 8.87 7.64 8.12 19
8.15 7.93 7.71 7.32 6.3 5.92 8.45 8.16 5
6.63 5.95 6.57 5.59 7.35 6.25 5.23 4.15 15
5.84 6.97 6.53 7.8 7.08 8.44 5.84 7.18 5
4.82 5.61 6.08 6.75 6.36 6.71 6.32 7.09 8
6.37 6.16 7.91 7.68 8.53 8.45 8.46 8.32 2
7.56 6.98 9.07 8.47 9.52 8.74 9.61 9.2 19
7.78 6.33 7.93 6.53 7.22 5.8 9.4 7.99 14
8.72 8.04 9.31 8.54 8.91 8.28 9.16 8.18 13
11.62 10.7 10.74 9.71 11.66 10.53 10.17 9.23 14
8.17 7.27 8.2 7.42 9.56 8.83 8.05 7.14 7
7.79 7.03 9.07 8.16 10.2 9.4 9.42 8.4 1
10.26 8.88 9.49 8.03 10.46 8.96 8.29 6.85 7
6.96 6.24 5.97 5.03 6.63 5.46 6.15 5.2 7
6.05 6.33 5.74 6.35 7.0 7.64 5.68 6.53 1
5.41 5.99 5.2 5.44 6.51 6.56 4.27 4.22 0
11.49 10.54 10.99 10.03 11.23 10.13 9.56 8.66 18
9.25 7.96 8.55 7.28 9.62 8.33 7.44 6.08 7
5.54 5.75 5.39 5.2 6.57 6.3 5.75 5.33 14
4.31 5.43 5.07 6.13 6.44 7.52 5.21 5.93 9
4.97 4.57 6.4 6.04 7.31 6.69 7.1 6.96 0
5.85 6.13 6.76 6.74 7.96 8.03 6.33 6.08 3
8.05 7.57 7.7 7.02 7.7 7.14 6.5 5.67 7
6.43 4.92 5.25 3.81 5.53 4.23 5.63 4.36 12
7.89 9.34 6.39 7.85 6.37 7.9 5.97 7.37 7
7.83 7.13 6.45 5.85 6.28 5.46 5.43 4.89 0
7.24 6.48 7.57 6.8 8.32 7.35 6.46 5.77 18
11.56 10.15 10.2 8.83 10.46 9.15 9.18 7.74 18
6.66 8.1 6.71 8.02 7.9 9.16 5.57 6.78 8
6.12 7.0 5.31 6.11 6.29 7.1 4.06 5.09 1
7.31 8.29 6.4 7.56 6.71 7.97 4.93 6.06 11
8.27 7.27 7.39 6.59 6.97 6.13 6.33 5.64 5
10.8 9.37 10.59 9.18 9.9 8.44 10.0 8.69 9
7.97 7.02 7.85 6.78 9.03 7.84 6.64 5.45 9
7.55 6.18 7.77 6.58 9.18 8.0 7.58 6.47 7
8.17 6.92 8.23 6.83 9.49 8.08 7.16 5.73 6
10.74 9.91 9.99 9.15 10.8 10.06 8.58 7.83 4
6.71 5.54 5.32 4.29 4.48 3.45 5.68 5.01 17
9.38 8.02 8.04 6.66 7.2 5.96 7.54 6.06 7
9.52 9.1 8.58 8.26 7.34 6.92 8.47 8.42 8
8.47 7.24 8.39 7.34 7.35 6.45 9.72 8.75 6
7.3 6.06 6.13 4.92 5.17 3.79 6.86 5.63 17
8.41 7.21 7.13 6.05 7.3 6.45 7.31 6.25 17
7.42 5.98 5.95 4.56 5.64 4.32 5.2 3.73 15
6.69 5.73 7.89 6.78 9.09 8.07 8.2 6.92 13
7.4 6.29 6.46 5.49 5.91 4.77 7.48 6.64 7
6.07 6.13 7.46 7.58 8.29 8.49 7.55 7.87 14
7.96 6.54 7.82 6.35 9.13 7.63 6.85 5.33 11
5.87 4.38 6.24 4.78 5.95 4.51 5.92 4.65 3
9.49 9.07 9.95 9.3 8.94 8.17 10.66 9.95 14
5.08 4.14 6.05 4.91 7.36 6.23 6.0 4.61 17
5.31 5.06 6.21 6.03 7.35 6.95 6.91 7.03 18
5.83 5.3 6.54 6.16 5.8 5.62 7.52 6.92 3
5.15 5.94 4.88 5.41 3.56 3.99 5.85 6.05 14
11.17 10.59 10.75 10.04 11.07 10.44 9.31 8.55 19
11.57 10.73 11.15 10.26 10.03 9.04 10.96 10.23 18
8.16 7.78 7.12 6.72 7.81 7.22 5.83 5.32 0
10.08 8.57 9.59 8.08 10.78 9.31 8.64 7.19 9
8.44 7.44 8.89 7.87 7.93 6.87 9.48 8.65 15
7.69 7.54 8.86 8.88 9.47 9.49 10.01 9.93 9
6.77 5.79 6.62 5.61 7.91 6.81 5.61 4.44 12
6.97 7.44 8.06 8.68 9.01 9.48 7.68 8.48 14
6.16 4.72 6.78 5.47 8.18 6.81 6.39 5.15 19
6.35 6.53 5.41 5.32 6.4 6.02 4.46 4.5 5
8.95 8.53 8.04 7.76 8.76 8.46 6.65 6.28 4
9.47 8.43 8.93 7.88 8.07 6.89 8.37 7.54 4
9.01 7.55 8.37 7.02 8.46 7.16 6.98 5.66 9
10.49 9.4 10.62 9.43 10.54 9.45 9.69 8.39 8
6.74 5.77 7.27 6.39 6.41 5.74 7.9 6.86 9
6.18 5.52 4.68 4.03 4.58 3.52 4.62 4.22 0
7.86 9.17 6.45 7.75 6.55 7.67 5.45 6.76 14
7.22 6.25 6.31 5.37 7.3 6.34 5.8 5.21 17
6.28 6.01 5.65 5.29 6.74 6.16 4.43 3.85 4
8.58 7.78 9.68 8.82 10.42 9.4 9.27 8.42 18
9.42 8.23 8.03 6.87 7.28 5.97 8.36 7.23 3
7.48 5.99 8.81 7.31 9.8 8.34 9.47 7.94 1
9.57 8.11 9.95 8.58 10.03 8.73 9.14 7.85 11
5.5 5.89 6.08 6.56 7.25 7.53 6.74 7.49 1
8.12 7.02 7.18 5.92 8.13 6.75 6.41 5.18 3
5.37 4.71 4.89 3.88 5.94 4.87 5.26 4.04 3
6.07 4.96 6.21 4.86 7.5 6.16 5.24 3.88 1
7.32 6.22 6.44 5.57 6.78 6.12 4.97 4.06 13
7.86 8.51 6.55 7.27 6.9 7.82 5.44 6.23 9
8.05 6.94 6.6 5.43 5.89 4.88 6.17 5.09 9
7.25 5.73 6.31 4.82 7.01 5.58 4.9 3.39 12
8.19 7.57 8.46 8.04 9.82 9.34 8.54 8.36 19
5.88 5.21 5.66 4.67 7.02 5.91 5.29 4.39 11
8.67 7.23 8.87 7.54 10.22 8.88 7.99 6.72 11
8.37 7.49 9.83 8.98 10.62 9.82 10.58 9.58 13
5.47 5.34 5.31 4.9 4.02 3.56 6.18 5.91 3
4.79 5.65 4.45 5.62 3.61 4.96 4.32 5.41 9
6.67 6.42 5.76 5.41 5.42 5.4 4.7 4.12 13
9.31 8.45 8.01 7.04 7.12 6.25 7.53 6.59 16
9.31 8.01 8.45 7.04 7.21 5.82 8.34 6.94 16
6.46 6.06 5.67 4.97 6.34 5.48 6.16 5.3 16
6.46 5.67 6.06 4.97 6.84 5.66 4.59 3.45 16
5.41 5.68 5.47 6.1 6.72 7.28 5.86 6.7 11
4.8 6.1 5.01 6.13 6.43 7.5 4.52 5.33 17
4.73 4.1 5.93 5.52 7.11 6.5 5.99 5.89 8
5.69 6.86 5.94 7.3 6.37 7.79 4.97 6.38 3
6.48 6.18 5.97 5.43 6.42 5.57 4.51 4.05 2
4.64 5.88 5.36 6.49 5.23 6.07 5.36 6.56 2
5.43 6.0 5.87 6.67 6.38 7.39 5.02 5.89 19
5.02 4.57 6.43 6.09 6.63 6.54 7.06 6.82 19
4.5 5.18 5.24 5.58 5.09 5.03 5.31 5.67 17
5.38 5.33 5.57 5.09 6.77 6.23 6.1 5.5 3
7.66 7.29 7.43 6.82 6.83 6.31 6.85 6.02 3
6.3 7.31 6.22 7.45 5.16 6.41 6.46 7.8 9
4.64 5.24 4.61 4.82 3.42 3.53 5.67 5.92 13
6.91 7.24 5.74 6.28 5.57 6.35 4.58 4.91 4
6.66 5.47 7.24 5.89 8.34 7.06 6.37 4.99 0
7.78 8.47 8.2 8.63 8.79 9.11 7.18 7.46 11
6.66 5.4 5.16 3.94 4.62 3.2 5.23 4.1 0
7.17 7.64 5.82 6.35 6.24 6.93 5.45 5.64 10
7.56 6.2 6.73 5.34 7.77 6.37 5.83 4.34 4
5.61 5.77 6.33 6.44 6.47 6.87 5.95 5.81 4
6.95 5.76 8.27 7.18 9.14 8.01 8.2 7.35 4
4.75 5.98 4.67 5.6 4.01 4.83 4.51 5.21 11
4.98 4.61 5.16 4.8 4.07 3.78 6.05 5.99 8
8.06 8.45 7.63 7.78 6.23 6.39 8.15 8.08 2
5.66 5.36 5.69 5.71 6.92 6.85 6.06 6.39 15
5.55 4.12 6.72 5.33 7.86 6.4 7.28 6.05 12
7.69 6.44 8.65 7.52 8.82 7.69 10.05 8.88 1
5.74 6.03 6.77 7.26 6.36 7.07 7.85 8.17 9
5.61 6.07 5.97 6.11 5.03 4.91 6.6 6.83 17
6.04 7.55 6.07 7.55 5.48 6.94 5.77 7.13 14
5.93 6.42 5.19 5.77 4.94 5.87 4.13 4.45 3
9.06 9.46 7.96 8.18 7.33 7.57 7.07 7.35 12
6.65 5.29 7.93 6.62 7.81 6.6 8.99 7.58 12
6.78 5.9 5.35 4.51 4.49 3.75 5.45 4.95 12
8.29 8.29 7.29 7.46 5.93 6.08 7.67 7.76 14
9.05 7.88 8.32 7.02 7.78 6.4 9.46 8.1 9
10.06 8.65 9.19 7.86 7.79 6.46 9.53 8.23 1
6.33 5.65 5.43 4.81 5.49 5.26 4.09 3.31 5
6.3 5.86 5.18 4.78 3.97 3.45 5.84 5.21 12
8.09 7.81 6.62 6.34 6.05 6.1 6.74 6.39 12
7.99 6.51 6.74 5.22 6.75 5.28 5.51 4.04 17
5.06 4.47 4.95 4.32 5.43 5.15 6.16 5.28 13
6.24 6.52 5.67 6.13 5.14 5.36 6.97 7.49 5
6.84 6.51 8.35 8.05 8.87 8.72 8.8 8.62 3
5.66 6.32 6.59 7.47 6.88 7.76 7.97 8.77 9
5.32 5.48 5.64 5.4 5.08 4.8 7.13 6.87 3
6.27 7.77 6.4 7.92 5.25 6.75 7.49 8.96 7
5.91 5.21 5.23 4.4 3.82 3.15 5.72 4.55 3
7.04 7.09 6.78 6.5 7.42 6.96 5.35 5.01 7
5.82 6.51 6.25 7.2 6.66 7.75 5.42 6.48 1
4.48 5.24 5.09 5.51 4.81 4.84 5.16 5.61 6
7.18 7.24 5.88 5.9 5.4 5.11 5.01 5.41 8
7.02 6.67 6.75 6.08 8.08 7.28 6.05 5.29 14
5.4 5.71 5.9 6.51 7.26 7.86 5.31 6.24 7
4.46 5.1 4.85 5.05 5.69 5.72 3.92 3.79 14
7.45 6.6 8.76 7.91 9.55 8.86 9.69 8.67 9
5.5 5.68 6.8 7.12 6.78 7.29 7.9 7.99 7
6.27 5.69 4.95 4.25 5.07 4.46 5.24 4.15 12
5.68 6.28 5.17 6.0 5.94 6.63 5.88 6.97 17
4.85 5.88 4.85 5.68 6.21 7.03 4.88 5.32 19
5.36 4.52 5.45 4.59 5.58 4.42 4.57 4.05 7
7.74 9.18 7.11 8.61 7.21 8.72 5.75 7.23 0
8.01 7.06 6.81 5.85 6.4 5.21 5.8 5.1 1
9.37 8.19 7.85 6.69 7.36 6.35 7.75 6.7 13
10.07 9.25 10.19 9.35 8.99 8.21 11.27 10.56 4
8.21 7.62 8.56 8.23 7.49 7.36 9.33 9.0 4
8.81 7.38 7.56 6.2 6.38 4.95 7.77 6.5 7
8.61 8.01 7.26 6.56 7.22 6.51 7.46 6.5 14
5.47 5.28 5.12 4.7 6.37 5.94 5.14 4.29 13
5.2 6.45 4.75 6.19 5.34 6.77 5.71 7.18 19
6.55 6.06 5.63 5.05 5.23 4.31 6.67 6.05 0
8.27 7.29 7.37 6.25 6.07 5.06 7.45 6.15 19
8.68 7.34 7.25 5.88 6.4 5.18 7.38 6.0 2
8.4 7.36 7.03 6.02 6.95 5.74 5.96 5.03 17
6.11 5.69 7.25 6.75 7.07 6.39 8.5 7.89 5
8.68 7.74 8.95 7.86 8.39 7.39 10.46 9.36 4
8.36 7.46 7.08 6.11 6.86 5.68 7.53 6.55 14
6.22 4.74 5.72 4.32 6.95 5.64 5.4 4.0 16
6.22 5.72 4.74 4.32 4.76 4.13 3.98 3.44 16
7.46 6.2 6.88 5.72 7.19 5.94 7.83 6.85 17
4.78 4.97 3.77 4.32 4.75 5.55 3.53 3.82 12
4.92 4.59 4.36 4.22 3.13 2.88 4.6 4.94 5
6.26 7.54 6.25 7.64 5.73 7.02 5.83 7.32 4
7.2 6.63 7.03 6.39 7.15 6.78 5.87 5.06 17
7.41 7.62 7.26 7.18 7.67 7.39 5.94 5.81 17
5.42 5.59 5.97 6.46 6.29 6.98 5.33 5.98 6
6.1 5.17 5.75 4.55 5.54 4.21 7.11 5.84 2
5.57 6.11 6.27 7.05 7.21 7.86 7.25 8.13 4
4.16 4.58 4.75 4.66 6.13 6.06 4.95 4.62 16
4.16 4.75 4.58 4.66 4.08 3.83 4.79 4.71 16
8.6 7.48 7.69 6.73 7.68 6.7 6.34 5.42 5
7.04 6.42 5.53 4.96 5.3 4.41 4.9 4.44 14
6.24 6.61 5.06 5.66 5.81 6.57 4.18 4.52 0
6.52 5.01 5.55 4.11 6.03 4.74 6.03 4.69 0
11.03 9.74 12.12 10.89 13.25 12.02 11.73 10.63 14
5.6 6.16 6.16 7.01 7.52 8.29 6.39 7.4 17
5.0 5.06 4.9 4.5 5.87 5.4 5.68 5.05 17
6.27 6.2 4.95 4.92 4.37 4.77 4.26 3.84 0
6.42 5.19 5.42 4.33 4.1 2.91 6.11 5.04 0
7.25 7.33 6.02 5.97 5.42 5.65 6.7 6.38 7
7.77 6.79 9.26 8.32 9.6 8.81 9.82 8.95 14
8.72 7.78 8.62 7.62 9.85 8.9 7.48 6.59 18
9.07 8.4 8.18 7.45 7.91 6.95 6.97 6.44 3
5.66 5.8 5.99 5.74 7.41 7.14 5.87 5.38 5
5.04 5.97 6.09 6.88 7.33 8.09 5.96 6.45 13
6.91 6.0 5.96 5.34 5.75 5.26 4.78 4.15 0
7.59 6.31 7.4 6.03 8.39 6.94 6.03 4.62 17
10.37 9.74 11.09 10.46 12.15 11.39 10.24 9.59 14
4.66 4.85 6.02 6.08 6.6 6.92 7.11 7.07 10
7.93 7.56 7.69 7.11 6.4 5.85 8.11 7.29 5
8.45 7.63 7.92 6.97 6.51 5.62 8.75 7.89 12
7.89 7.86 7.85 7.53 9.15 8.75 6.85 6.44 17
6.51 6.99 6.92 7.69 8.03 8.79 5.94 6.92 9
4.97 5.68 5.09 5.38 5.61 5.72 4.01 4.08 0
6.46 5.62 6.19 5.65 6.9 6.32 4.76 4.41 0
5.96 7.41 6.45 7.8 6.27 7.6 6.13 7.31 14
5.93 6.25 5.43 6.09 6.59 7.39 4.26 5.12 14
10.54 10.14 9.42 8.93 9.3 8.94 8.15 7.66 11
5.42 6.74 6.68 8.0 6.94 8.37 6.87 8.06 11
4.01 4.29 5.53 5.66 6.04 5.91 6.38 6.78 0
7.26 7.74 6.7 7.46 5.86 6.67 7.97 8.84 3
5.22 6.27 5.53 6.83 6.25 7.57 4.51 5.94 5
6.36 7.8 5.89 7.25 6.82 8.05 4.45 5.76 14
6.05 6.46 5.07 5.65 6.02 6.74 4.14 5.02 13
7.71 7.85 6.71 6.73 7.06 7.21 5.26 5.38 7
7.44 6.26 6.64 5.54 5.68 4.43 6.2 5.39 16
7.44 6.64 6.26 5.54 6.15 5.19 5.05 4.49 16
9.21 8.14 7.67 6.61 7.32 6.38 7.3 6.04 8
6.25 6.12 4.9 5.02 5.35 5.79 3.97 3.86 5
7.77 6.85 7.79 6.89 6.67 5.93 8.12 7.03 8
7.23 8.19 6.76 7.52 5.34 6.09 7.46 7.99 5
8.82 8.53 9.41 9.24 8.5 8.48 10.21 9.89 8
7.1 8.37 7.08 8.24 5.83 6.95 7.81 8.79 5
6.84 6.35 6.33 6.02 5.0 4.89 7.36 7.28 17
7.42 6.52 6.23 5.18 4.99 4.13 6.59 5.42 5
7.58 7.65 7.57 7.36 7.72 7.31 6.49 6.23 14
4.89 5.5 5.77 6.09 5.38 5.35 6.28 6.7 15
5.49 5.69 6.57 6.96 6.26 6.84 7.74 7.93 7
5.07 5.07 5.35 4.95 4.33 3.69 6.26 5.91 8
10.22 9.41 9.62 8.7 10.08 9.24 8.11 7.18 4
5.37 3.86 5.26 3.84 6.56 5.19 5.37 4.04 5
7.61 6.55 7.49 6.54 8.65 7.82 6.26 5.52 17
9.14 8.0 9.48 8.28 9.88 8.81 8.46 7.18 19
6.0 5.83 5.1 5.22 3.69 3.85 5.61 5.63 6
8.15 8.71 6.75 7.25 5.81 6.42 6.65 7.28 12
6.99 6.16 5.56 4.76 5.36 4.94 4.67 3.77 7
6.89 6.28 5.99 5.6 5.52 4.95 5.03 4.91 9
6.33 5.26 7.82 6.68 8.65 7.67 8.44 7.16 11
6.39 5.64 7.85 7.0 8.22 7.16 8.34 7.51 0
4.23 5.21 4.62 5.36 6.01 6.64 4.11 4.42 17
5.57 5.5 6.77 6.82 7.96 7.92 6.87 7.25 17
10.2 8.91 9.22 8.04 9.71 8.57 7.78 6.55 17
7.08 6.16 5.62 4.84 5.42 4.73 4.79 3.77 13
7.57 6.98 6.23 5.83 6.7 6.6 5.63 5.13 17
7.91 7.68 7.2 6.79 8.3 7.71 6.21 5.62 8
6.84 6.64 7.99 7.59 9.04 8.62 7.73 7.05 7
8.91 8.75 9.62 9.58 10.03 10.18 10.95 10.79 14
5.55 4.13 7.09 5.67 7.75 6.32 7.72 6.43 12
6.08 5.7 5.77 5.31 7.09 6.54 5.01 4.24 12
4.58 3.15 4.02 2.51 5.13 3.66 4.28 3.01 5
5.38 5.78 5.8 6.19 6.8 6.92 6.7 7.33 3
5.41 5.28 6.46 6.28 7.69 7.59 6.91 6.4 0
7.4 7.26 8.66 8.44 9.81 9.66 9.04 8.56 13
6.37 5.31 7.89 6.81 8.58 7.35 8.61 7.7 12
4.97 5.06 6.2 6.48 6.56 7.06 6.32 6.71 9
5.28 5.83 5.73 5.98 6.21 6.16 4.91 5.07 9
6.15 7.56 6.14 7.6 7.13 8.64 4.86 6.34 14
6.31 5.39 5.38 4.3 6.02 4.69 3.91 2.89 10
9.21 7.72 9.82 8.3 10.97 9.47 10.43 8.9 3
5.72 6.26 6.82 7.55 6.69 7.56 8.14 8.72 10
4.61 4.31 5.2 4.45 4.43 3.41 6.29 5.6 4
7.59 7.08 6.24 5.69 5.39 4.74 5.82 5.62 4
7.22 6.01 6.01 4.74 5.79 4.75 6.62 5.23 5
6.77 8.17 5.73 7.21 5.56 7.06 4.53 5.95 5
8.14 9.51 6.78 8.09 5.89 7.29 7.12 8.28 15
6.18 5.19 5.6 4.95 6.32 5.75 4.09 3.57 15
5.93 6.65 4.96 5.94 5.62 6.63 5.29 6.48 5
8.08 7.07 8.45 7.65 9.49 8.75 7.36 6.77 13
6.38 6.13 4.86 4.7 4.54 4.71 4.36 3.76 18
10.08 8.8 8.59 7.3 8.14 7.0 7.9 6.6 18
7.23 5.72 8.62 7.09 8.64 7.13 9.47 7.95 15
6.31 5.19 7.75 6.7 8.52 7.48 7.96 7.13 16
6.31 7.75 5.19 6.7 4.05 5.55 5.1 6.51 16
9.35 8.37 7.92 6.94 7.15 6.37 8.11 7.2 8
5.44 5.55 4.4 4.65 3.24 3.26 4.38 5.09 5
5.14 5.47 5.11 5.42 4.38 5.02 5.02 4.92 0
5.87 6.33 6.68 7.07 6.15 6.36 7.19 7.83 19
10.16 9.88 9.4 9.18 8.11 7.8 9.4 9.43 18
4.46 5.02 4.3 5.21 3.46 4.34 4.35 5.56 7
9.36 8.19 8.84 7.52 8.91 7.6 7.49 6.15 7
5.67 4.18 5.23 3.87 5.67 4.49 3.83 2.55 5
6.27 5.87 5.17 4.78 5.74 5.07 3.81 3.39 5
7.51 8.77 7.12 8.42 8.08 9.28 5.71 6.96 19
7.6 6.91 7.01 6.09 8.21 7.15 6.35 5.53 0
5.83 5.13 6.03 5.49 7.45 6.88 5.57 4.9 15
12.89 11.53 11.95 10.62 11.32 9.93 10.99 9.74 8
9.74 8.86 10.52 9.76 11.88 11.11 10.6 9.8 8
6.54 7.37 5.79 6.48 4.39 5.08 6.58 6.96 0
6.66 5.95 6.82 6.21 6.19 5.89 8.31 7.73 14
6.2 5.45 6.48 5.7 7.22 6.68 7.56 6.57 7
5.72 7.02 5.82 7.26 5.78 7.13 7.29 8.74 2
6.38 5.61 5.75 4.88 4.91 3.79 7.0 6.02 12
6.74 6.18 5.68 5.39 6.56 6.46 4.8 4.34 11
5.76 6.22 5.56 5.65 5.8 5.87 6.82 6.71 6
8.1 7.4 8.57 7.77 8.77 8.16 7.79 6.83 1
6.91 6.13 6.98 5.92 6.58 5.45 6.46 5.29 10
6.38 6.25 5.36 5.56 4.01 4.15 5.68 6.03 11
7.62 6.12 6.17 4.65 5.81 4.35 5.39 3.97 19
8.88 9.38 7.82 8.42 7.41 7.81 6.74 7.5 11
9.84 8.49 8.95 7.68 9.31 8.03 7.46 6.19 9
8.63 7.68 9.88 8.93 11.05 10.09 10.08 9.0 8
5.57 5.74 5.97 5.75 7.14 6.91 5.05 4.59 0
4.65 4.39 5.23 5.34 5.74 5.74 4.57 5.1 17
6.64 8.01 6.47 7.74 6.23 7.54 5.63 6.73 7
7.83 7.19 7.83 7.24 6.99 6.26 7.68 7.39 4
9.84 8.94 9.36 8.54 8.15 7.47 10.49 9.79 12
4.69 4.94 4.83 4.59 5.45 5.1 6.04 5.69 0
5.32 5.13 4.61 4.52 4.05 3.56 5.86 5.77 0
8.84 8.99 7.59 7.91 6.5 6.65 8.03 8.49 10
9.25 7.92 7.73 6.39 7.23 6.06 7.23 5.88 10
9.91 8.91 8.61 7.73 7.61 6.6 8.28 7.54 6
9.37 8.49 10.35 9.51 11.42 10.46 11.08 10.4 6
7.14 5.74 7.19 5.79 6.53 5.08 6.89 5.68 9
6.86 6.53 8.39 8.06 8.88 8.75 9.08 8.55 14
6.15 4.85 6.21 4.86 7.01 5.54 4.96 3.65 2
7.87 7.54 7.36 6.78 8.28 7.66 5.93 5.39 11
8.79 7.72 7.51 6.52 7.49 6.75 7.83 6.8 9
9.72 8.86 9.13 8.09 8.65 7.66 10.33 9.18 8
5.35 5.54 6.8 7.0 7.0 7.36 7.6 7.52 7
5.41 6.0 6.23 6.67 5.61 5.91 7.18 7.81 4
6.23 7.75 6.23 7.72 5.11 6.57 6.67 8.06 16
6.23 6.23 7.75 7.72 8.22 8.02 8.55 8.41 16
6.28 6.67 5.4 5.57 4.01 4.36 5.77 5.56 12
8.37 6.89 7.08 5.63 7.5 6.18 6.0 4.58 15
8.09 7.35 8.83 8.18 9.37 8.57 8.1 7.65 12
8.21 6.71 7.85 6.42 8.12 6.72 6.48 5.12 9
10.0 9.95 8.5 8.47 7.97 7.72 7.95 8.16 8
4.96 4.75 4.78 4.19 5.5 5.01 5.79 4.89 4
7.58 8.25 6.39 7.14 7.08 7.86 5.53 6.03 10
4.95 5.67 4.36 5.42 5.61 6.78 3.97 4.93 16
4.95 4.36 5.67 5.42 6.86 6.6 6.32 6.01 16
6.41 5.64 5.92 5.24 6.8 5.95 6.43 6.08 5
9.36 7.87 9.69 8.28 8.58 7.25 10.55 9.18 18
8.48 8.19 8.33 7.78 6.99 6.37 9.17 8.58 13
5.29 3.81 5.14 3.81 6.46 5.2 4.24 3.19 15
7.64 8.83 6.75 7.98 7.74 8.99 5.82 7.2 2
5.99 5.01 5.92 5.29 5.47 5.11 5.4 4.86 17
7.62 6.33 6.84 5.72 7.37 6.28 5.32 4.21 17
6.25 6.96 5.41 6.18 5.27 6.34 4.2 4.77 7
7.83 7.45 6.48 6.02 6.6 6.2 5.35 5.13 7
6.28 6.06 7.82 7.59 8.39 8.05 8.37 8.4 19
6.75 5.51 5.54 4.18 4.41 3.26 5.48 4.02 19
7.63 6.16 8.81 7.35 9.89 8.39 8.59 7.17 11
7.84 6.59 7.46 6.24 8.15 6.81 5.98 4.8 7
10.35 8.96 10.93 9.55 12.33 10.96 10.4 9.12 13
6.75 6.64 6.87 6.43 8.19 7.65 5.94 5.3 0
5.21 6.31 6.12 7.33 7.29 8.37 5.69 6.89 7
4.89 4.17 6.15 5.41 7.29 6.44 6.59 6.17 11
7.8 6.99 8.38 7.35 7.83 6.64 9.84 8.8 8
6.6 5.41 7.75 6.58 7.55 6.37 8.98 7.71 11
13.1 12.2 11.91 11.11 12.03 11.3 10.59 9.72 4
10.1 8.95 10.53 9.3 11.92 10.71 9.85 8.68 18
7.47 7.65 7.06 7.53 8.13 8.72 5.73 6.35 9
7.57 6.77 6.67 5.66 7.64 6.49 5.71 4.83 12
8.55 7.29 8.09 7.02 9.08 8.07 8.35 7.42 3
6.38 6.4 5.58 5.32 6.65 6.18 5.19 4.71 19
5.53 5.92 6.38 6.98 5.79 6.63 7.23 7.65 19
4.96 3.9 4.82 3.52 3.62 2.21 5.39 4.3 5
6.68 6.2 8.15 7.54 8.93 8.44 8.92 8.35 8
6.37 6.55 6.07 6.05 4.71 4.64 6.99 6.66 19
7.93 7.76 8.06 7.68 9.45 8.99 7.34 6.71 17
8.19 6.73 7.05 5.62 7.81 6.45 6.29 4.99 9
9.95 8.98 8.63 7.72 7.54 6.56 8.83 7.85 9
7.06 7.06 5.56 5.63 5.49 5.36 4.86 4.78 19
6.9 8.08 5.82 7.1 6.6 7.89 4.68 5.83 0
5.41 4.89 5.67 4.81 5.06 3.92 5.65 4.92 9
6.64 8.09 6.67 8.19 6.67 8.19 5.75 7.27 16
6.64 6.67 8.09 8.19 8.3 8.64 8.76 8.83 16
7.22 6.97 6.59 6.32 6.85 6.86 5.16 4.8 5
10.24 8.91 10.1 8.75 8.77 7.43 11.02 9.75 13
5.42 5.59 6.39 6.21 7.65 7.56 6.8 6.48 13
6.27 6.97 5.09 5.93 3.85 4.66 5.35 6.0 0
6.93 6.52 5.42 5.1 5.07 5.1 4.83 4.14 0
7.0 6.58 6.45 5.74 7.39 6.5 5.03 4.29 0
5.32 6.63 5.6 7.04 6.91 8.38 4.76 6.29 16
5.32 5.6 6.63 7.04 7.15 7.47 7.77 8.07 16
4.04 4.4 4.97 5.66 6.29 6.81 5.21 6.08 2
7.11 7.47 7.51 7.63 8.86 8.9 7.69 7.92 12
5.66 4.54 6.03 4.69 6.37 4.92 5.2 3.86 2
9.02 7.84 8.59 7.4 7.84 6.53 7.98 6.98 8
6.99 5.77 5.88 4.86 6.22 5.31 4.49 3.37 0
7.37 6.85 5.88 5.32 5.49 4.85 5.23 5.05 1
10.72 9.47 9.5 8.26 8.84 7.48 8.65 7.55 14
5.08 4.38 4.2 3.96 4.17 4.16 5.25 5.23 0
6.68 5.47 6.61 5.54 5.96 5.16 6.24 5.08 5
7.47 6.65 7.76 6.68 9.06 7.96 6.85 5.65 16
7.47 7.76 6.65 6.68 6.1 6.08 5.75 5.81 16
6.81 7.77 6.46 7.22 5.25 6.06 7.64 8.37 19
5.01 5.69 4.41 5.05 3.32 3.7 4.43 5.39 0
10.65 9.17 10.07 8.55 8.95 7.43 9.81 8.33 3
7.84 7.16 9.24 8.64 10.25 9.51 9.66 9.15 14
5.29 5.52 6.43 6.67 6.21 6.38 7.61 7.63 0
6.95 7.0 6.75 6.46 6.02 5.65 8.17 7.75 7
7.28 6.33 6.84 6.1 6.4 5.94 5.99 5.18 3
7.4 6.88 6.86 6.1 7.37 6.66 7.69 6.7 18
6.81 5.68 6.63 5.48 7.97 6.77 6.36 5.48 9
11.04 9.8 9.5 8.26 9.18 7.88 9.0 7.93 6
8.49 7.03 7.26 5.86 7.35 5.98 5.99 4.55 17
8.06 6.93 7.39 6.38 5.97 4.95 8.13 7.07 17
13.13 12.2 12.16 11.23 11.79 10.73 10.98 10.16 14
8.16 7.21 6.83 5.97 5.82 4.79 6.65 6.1 11
11.1 10.39 10.13 9.27 10.1 9.22 10.82 9.82 18
7.59 7.64 7.32 7.07 8.12 7.73 8.05 7.72 7
5.91 6.21 6.07 6.72 7.35 8.0 6.4 7.15 7
4.62 5.0 4.44 4.35 5.83 5.55 3.85 3.48 17
6.32 6.35 6.64 7.0 7.87 8.18 5.69 6.25 15
8.74 7.6 7.3 6.16 7.49 6.28 6.48 5.25 15
9.12 9.09 7.66 7.68 6.86 6.96 7.38 7.12 10
7.65 7.08 8.79 8.26 8.51 7.97 9.39 9.08 2
7.02 6.36 5.55 4.89 5.11 4.85 5.73 4.9 11
6.93 5.56 5.49 4.11 4.93 3.45 4.9 3.81 11
8.71 7.6 7.91 6.83 8.04 7.18 8.74 7.58 13
6.64 5.48 5.55 4.36 6.41 5.21 4.72 3.85 13
6.56 6.35 5.8 5.57 6.56 6.05 4.32 4.06 0
5.52 5.44 4.57 4.49 3.27 3.5 5.4 5.52 12
7.18 5.81 5.69 4.38 5.51 4.22 4.94 3.54 12
5.11 5.45 5.24 5.71 4.13 4.79 6.34 7.02 11
9.51 8.14 8.92 7.54 7.54 6.13 9.23 7.98 17
5.89 5.73 4.9 4.67 3.54 3.39 5.5 4.85 15
5.12 6.6 4.18 5.71 3.62 5.09 5.29 6.79 2
4.71 5.24 4.7 5.18 5.13 5.92 5.98 6.2 12
8.92 7.77 7.98 6.73 8.85 7.49 7.68 6.56 16
8.92 7.98 7.77 6.73 7.16 6.01 8.52 7.36 16
6.44 5.43 6.01 4.77 7.24 5.89 4.98 3.62 15
11.21 10.32 11.43 10.52 12.71 11.72 10.41 9.41 14
10.39 9.33 10.59 9.41 11.88 10.64 9.59 8.3 8
4.55 4.23 6.07 5.75 6.64 6.53 6.63 6.42 0
4.79 5.83 5.78 6.69 6.38 7.03 5.45 6.32 8
5.22 6.58 5.28 6.61 6.12 7.53 4.06 5.33 15
6.61 7.18 5.86 6.15 6.0 6.26 4.47 4.78 2
8.51 7.5 8.39 7.21 8.03 6.71 7.59 6.47 13
6.92 6.83 6.93 6.5 7.86 7.35 5.62 5.05 0
5.8 6.73 6.39 7.55 7.0 8.22 5.6 6.89 19
4.15 4.27 4.93 4.61 4.89 4.19 4.95 4.62 5
8.87 7.68 8.81 7.47 9.76 8.43 9.43 8.02 14
12.06 11.17 10.74 9.89 10.82 10.14 9.55 8.68 4
8.26 7.92 6.87 6.44 6.13 5.75 7.2 6.47 9
7.41 6.37 6.93 5.77 8.09 6.94 6.87 5.51 19
5.2 4.87 5.92 5.94 6.98 6.91 6.78 6.85 5
5.44 6.1 5.59 5.88 5.96 6.23 6.91 7.06 9
6.21 7.34 6.41 7.73 5.96 7.3 7.93 9.25 14
7.72 7.39 7.21 6.67 6.19 5.49 8.44 7.73 18
5.42 6.4 4.16 4.98 4.21 4.73 4.69 5.27 14
5.32 5.94 5.29 6.09 6.55 7.24 5.56 6.66 4
4.22 5.23 4.98 5.86 6.35 7.22 4.91 5.41 8
7.91 7.12 6.87 6.18 6.82 5.92 7.61 7.13 9
7.09 6.72 5.6 5.22 5.16 5.16 5.02 4.53 9
6.2 7.36 5.02 6.26 3.77 4.99 5.39 6.81 14
6.3 7.81 5.82 7.25 4.56 5.96 6.04 7.42 5
5.73 6.06 5.18 5.22 4.69 4.92 4.42 4.17 8
5.76 7.14 6.08 7.56 6.32 7.74 5.26 6.8 16
5.76 6.08 7.14 7.56 8.18 8.43 7.57 8.0 16
6.49 6.81 6.94 7.51 7.86 8.55 5.93 6.71 9
8.36 6.98 7.84 6.47 8.55 7.31 6.33 4.99 17
5.72 6.49 6.28 7.1 7.18 8.17 5.4 6.25 3
10.74 9.37 9.84 8.45 8.47 7.07 10.42 8.96 3
5.76 5.23 6.26 5.91 6.96 6.86 7.43 6.89 14
5.58 7.06 5.13 6.47 5.32 6.54 6.32 7.57 18
5.55 6.05 4.53 4.79 4.0 4.04 5.54 5.48 12
6.15 6.97 5.95 6.97 5.09 6.32 7.35 8.44 17
8.06 7.84 7.67 7.23 6.33 5.82 8.68 8.03 17
6.71 6.72 6.69 6.73 6.86 7.21 5.61 5.51 11
6.24 6.72 5.39 5.68 5.08 5.59 4.31 4.42 2
8.3 8.03 7.44 7.25 6.43 6.05 7.03 7.15 12
8.43 7.24 8.73 7.69 10.11 9.04 7.97 6.96 9
5.55 5.84 6.58 7.11 7.68 8.14 6.22 7.05 19
4.79 5.37 5.21 5.42 6.63 6.8 4.86 4.67 10
5.35 6.56 5.51 6.9 6.73 8.09 5.99 7.46 12
7.04 6.8 6.35 5.9 7.13 6.41 6.76 6.43 4
8.0 6.58 6.78 5.44 7.42 6.25 5.93 4.68 17
9.14 9.53 7.62 8.01 7.54 7.79 7.05 7.71 11
8.82 7.99 7.53 6.62 7.02 5.95 6.63 5.97 16
8.82 7.53 7.99 6.62 8.84 7.39 6.66 5.25 16
6.23 5.8 5.5 4.99 4.1 3.57 5.91 5.7 4
5.37 6.26 5.59 6.7 4.65 5.8 6.03 7.32 8
5.56 6.01 4.05 4.64 3.56 3.77 4.12 5.08 6
6.09 5.81 4.9 4.83 4.31 4.59 4.15 3.73 18
8.62 7.76 9.46 8.53 9.29 8.5 10.93 10.01 14
6.11 5.97 6.97 6.61 8.32 7.95 6.75 6.07 4
4.06 4.89 5.38 6.34 6.43 7.18 6.02 7.1 4
6.17 4.79 6.0 4.62 6.76 5.55 6.9 5.45 9
8.66 7.7 7.88 6.78 6.47 5.42 8.53 7.46 4
5.37 5.68 6.06 6.12 7.42 7.43 5.68 5.37 7
5.78 7.29 5.88 7.35 7.25 8.69 5.88 7.34 6
5.37 6.01 4.46 5.08 5.41 5.77 4.44 5.41 12
7.52 6.15 6.69 5.28 7.57 6.11 5.36 3.89 0
7.75 8.9 6.71 7.8 6.37 7.24 5.61 6.85 14
5.53 5.1 5.0 4.54 4.33 3.51 4.48 4.47 14
7.58 6.07 9.04 7.54 9.76 8.3 9.26 7.8 15
7.28 5.97 8.66 7.31 8.66 7.28 9.49 8.26 14
7.41 7.7 8.49 8.63 9.46 9.47 9.35 9.65 14
9.28 8.34 8.27 7.26 8.16 6.95 9.01 8.03 16
9.28 8.27 8.34 7.26 8.79 7.81 6.87 5.84 16
6.34 6.91 5.21 5.57 5.91 6.02 5.06 5.19 4
6.64 5.16 7.29 5.93 8.65 7.26 7.49 6.26 1
7.94 8.5 7.33 8.14 7.47 8.36 5.94 6.79 9
5.79 6.69 5.06 5.81 4.55 4.98 4.24 5.22 2
5.64 6.61 5.94 7.02 5.77 7.06 5.46 6.38 0
5.09 6.26 3.82 4.83 3.59 4.45 4.51 5.16 8
4.8 5.88 4.16 5.47 5.14 6.43 4.55 6.0 3
4.07 5.14 4.17 5.08 5.59 6.43 3.78 4.25 16
4.07 4.17 5.14 5.08 5.06 4.66 5.6 5.85 16
5.59 5.44 6.6 6.71 7.91 7.86 6.7 7.02 2
